currentwx/850wind.json
{"header": { "discipline":0, "disciplineName":"Meteorological products", "gribEdition":2, "gribLength":80187, "center":7, "centerName":"US National Weather Service - NCEP(WMC)", "subcenter":0, "refTime":"2025-07-28T00:00:00.000Z", "significanceOfRT":1, "significanceOfRTName":"Start of forecast", "productStatus":0, "productStatusName":"Operational products", "productType":1, "productTypeName":"Forecast products", "productDefinitionTemplate":0, "productDefinitionTemplateName":"Analysis/forecast at horizontal level/layer at a point in time", "parameterCategory":2, "parameterCategoryName":"Momentum", "parameterNumber":2, "parameterNumberName":"U-component_of_wind", "parameterUnit":"m.s-1", "genProcessType":2, "genProcessTypeName":"Forecast", "forecastTime":6, "surface1Type":100, "surface1TypeName":"Isobaric surface", "surface1Value":85000.0, "surface2Type":255, "surface2TypeName":"Missing", "surface2Value":0.0, "gridDefinitionTemplate":0, "gridDefinitionTemplateName":"Latitude_Longitude", "numberPoints":65160, "shape":6, "shapeName":"Earth spherical with radius of 6,371,229.0 m", "gridUnits":"degrees", "resolution":48, "winds":"true", "scanMode":0, "nx":360, "ny":181, "basicAngle":0, "lo1":0.0, "la1":90.0, "lo2":359.0, "la2":-90.0, "dx":1.0, "dy":1.0 }, "data":
[rows 26 to 51 of 181, columns 174 to 231 of 360]
7.082051,5.0320506,6.882051,10.092051,9.862051,8.6320505,8.262051,7.4920506,7.622051,7.5920506,7.4920506,8.17205,8.742051,9.312051,10.08205,10.352051,9.022051,8.932051,9.6320505,9.472051,8.8820505,8.17205,7.022051,7.112051,6.922051,7.7220507,9.79205,8.42205,6.2220507,6.872051,9.58205,5.562051,4.352051,6.5720506,6.352051,5.962051,5.832051,5.272051,1.2720507,0.2820508,1.1720508,2.2120507,2.5420508,2.2220507,0.6020508,0.45205078,1.1520507,1.8520508,2.6420507,2.2620509,1.6820508,2.0720508,1.5220507,1.8520508,1.4320508,0.50205076,1.6320508,-0.74794924
7.252051,8.062051,6.9120507,5.632051,8.202051,5.7820506,5.652051,5.8420506,7.672051,9.302051,10.33205,11.6320505,13.04205,14.702051,15.122051,15.182051,13.772051,12.92205,11.572051,11.852051,11.682051,10.46205,9.952051,10.122051,9.1320505,8.25205,6.6620507,5.7420506,5.622051,8.032051,8.782051,7.2020507,6.272051,5.372051,3.0920508,0.29205078,1.3120508,2.8620508,4.4720507,3.1620507,2.1520507,2.0520508,1.4320508,1.5420508,-1.5679492,-1.2279493,-0.62794924,-0.69794923,-0.14794922,1.6720508,1.6020508,2.6120508,2.1320508,2.3520508,0.8220508,1.5020508,0.6520508,0.55205077
4.462051,6.2620506,7.522051,7.772051,9.142051,11.00205,11.782051,12.6320505,13.412051,13.052051,13.302051,13.472051,13.022051,13.222051,12.232051,12.182051,11.682051,11.662051,11.402051,10.642051,10.742051,10.8820505,9.662051,10.202051,9.122051,6.292051,6.0520506,6.7220507,8.442051,6.9120507,4.7620506,3.5520508,1.8220508,1.0820508,0.0020507812,0.87205076,1.1220508,1.1720508,1.6620507,1.7920508,0.5920508,0.6020508,-0.9079492,0.35205078,1.0120507,-0.55794924,0.38205078,-1.4079492,-2.9779491,-1.8379493,-0.6679492,-0.6379492,-0.2879492,-0.36794922,-1.5879493,-0.4979492,-0.5979492,1.1220508
6.372051,6.672051,7.4920506,8.572051,10.00205,11.00205,11.762051,13.1320505,14.362051,14.982051,14.1320505,13.602051,13.762051,13.272051,11.8820505,11.282051,10.682051,9.892051,9.622051,9.29205,8.802051,8.352051,7.4520507,6.022051,5.562051,5.6620507,5.652051,6.102051,3.9420507,4.112051,1.6220508,2.9320507,2.4420507,1.3820508,2.5420508,1.9920508,2.1120508,0.5920508,1.4920508,2.4620507,0.9220508,0.39205077,1.3420508,1.3320508,0.9020508,-1.4679493,-0.3479492,-0.32794923,-1.2179493,-0.5879492,-1.1279492,-0.48794922,-1.5579492,-0.5879492,-3.267949,-2.3679492,-0.61794925,-0.11794922
4.082051,5.792051,7.732051,8.742051,9.572051,10.71205,11.8820505,12.142051,11.1320505,11.1320505,11.742051,11.812051,11.532051,11.322051,10.892051,10.842051,10.6320505,9.6320505,8.522051,7.772051,6.1820507,5.5720506,5.042051,3.5220509,2.982051,2.5320508,0.68205076,1.7520508,2.2120507,2.1120508,1.9120507,1.7920508,1.2320508,1.1420507,0.8920508,-1.3579493,-1.4579492,-1.5379492,-2.8779492,-3.8579493,-2.8879492,-1.9479492,-1.1179492,-0.16794921,1.7220508,4.5320506,2.1620507,0.5220508,0.3420508,0.36205077,0.5320508,-0.50794923,-1.3679492,-1.6979492,-1.6679492,-1.5279492,-2.7879493,-2.4279492
3.2820508,5.792051,6.562051,7.1820507,7.832051,7.882051,7.152051,6.672051,7.172051,7.752051,7.7820506,7.542051,7.6820507,7.9120507,8.522051,9.42205,9.202051,7.602051,6.922051,5.9520507,5.042051,3.9620507,3.4720507,2.5020509,2.1520507,1.1420507,0.39205077,1.7220508,1.1920508,0.7920508,0.012050781,-0.7779492,-0.017949218,-1.3479493,-4.917949,-7.367949,-7.5879493,-7.437949,-9.137949,-8.927949,-9.567949,-10.1179495,-8.99795,-7.397949,-6.6779494,-7.0879493,-7.4679494,-1.6279492,-0.45794922,-2.2779493,1.5020508,0.8920508,0.9120508,-1.1279492,-2.0479493,-1.9879493,-2.257949,-1.2579492
0.93205076,2.8020508,3.7220507,3.8220508,3.742051,3.232051,3.4520507,4.362051,5.112051,5.0520506,4.5120506,4.2820506,4.772051,5.2020507,5.5320506,5.362051,5.312051,5.112051,4.832051,4.7020507,4.4920506,4.382051,3.7820508,3.4520507,2.5220509,1.4720508,0.63205075,-0.047949217,-1.2079492,-1.2679492,-0.017949218,-1.8079492,-4.5279493,-7.937949,-8.067949,-10.237949,-12.53795,-12.74795,-12.647949,-14.907949,-16.717949,-18.357948,-18.707949,-17.72795,-13.507949,-11.977949,-12.337949,-12.897949,-11.157949,-7.957949,-5.5079494,-2.1379492,1.3920507,1.1220508,0.5920508,-0.9579492,-0.15794922,-1.3779492
-0.047949217,0.0020507812,0.022050781,-0.41794923,-0.25794923,1.7520508,2.2820508,2.4720507,1.8520508,1.3620508,1.1120508,1.1720508,1.3520508,2.0420508,1.9220508,2.0420508,2.0720508,2.1720507,2.9020507,3.9320507,4.612051,3.992051,3.0920508,2.6620507,2.7720509,2.3720508,1.1520507,-0.09794922,-0.69794923,-2.007949,-6.207949,-6.267949,-4.3579493,-8.587949,-11.297949,-11.91795,-11.677949,-11.547949,-13.137949,-13.407949,-13.227949,-14.467949,-15.8679495,-16.617949,-15.53795,-16.67795,-18.537949,-18.027948,-14.657949,-12.807949,-9.91795,-5.7779493,-5.6079493,-1.5979493,-0.4379492,-0.87794924,-1.3079492,-0.3479492
0.11205078,-0.5879492,-1.1779492,-1.6579492,-0.9179492,-0.5479492,0.62205076,-0.2879492,-1.0379492,-0.7879492,-1.8079492,-1.9879493,-2.3579493,-2.267949,-1.1979492,0.35205078,1.7320508,2.4720507,2.5320508,2.4120507,2.5920508,2.3920507,1.9120507,1.9620508,2.1920507,2.3220508,0.7320508,0.99205077,0.7120508,-1.8279492,-1.9179492,-1.9179492,-6.0279493,-6.957949,-10.677949,-12.157949,-11.807949,-11.147949,-11.70795,-12.397949,-13.147949,-14.41795,-14.777949,-14.677949,-14.487949,-14.107949,-15.53795,-16.66795,-15.047949,-11.797949,-13.74795,-13.697949,-8.6179495,-7.7179494,-5.0279493,-1.4379492,-1.6579492,-3.7379491
-1.0779492,-0.10794922,-0.8379492,-1.3879492,-1.3479493,-3.3779492,-2.6879492,-3.1879492,-3.2079492,-2.517949,-2.6079493,-3.017949,-3.0479493,-2.8479493,-2.3179493,-1.2579492,-0.4679492,0.05205078,0.9520508,1.4720508,1.0720508,0.6120508,0.7220508,1.4320508,0.8420508,0.63205075,1.0920508,1.1220508,0.3420508,0.16205078,-1.6479492,-3.1379492,-5.127949,-6.347949,-10.107949,-10.797949,-9.807949,-9.95795,-11.107949,-13.737949,-12.847949,-12.567949,-11.837949,-10.797949,-11.337949,-12.597949,-12.937949,-13.317949,-14.227949,-16.367949,-14.07795,-9.307949,-12.067949,-10.317949,-7.5679493,-4.4479494,-2.3679492,-1.7479492
-3.8479493,-2.8379493,-1.6479492,-1.4079492,-2.4179492,-4.137949,-3.9579492,-3.7879493,-3.3579493,-4.0879493,-3.2279491,-3.3779492,-4.3379493,-4.207949,-3.4479492,-2.9979491,-2.0979493,-1.5179492,-1.1579492,-0.10794922,1.9120507,1.9220508,1.8720508,2.0420508,1.5920508,1.0420508,0.50205076,-1.1579492,-3.6179492,-6.147949,-4.477949,-6.2779493,-6.8379493,-7.117949,-6.7779493,-6.6779494,-7.167949,-9.66795,-9.297949,-8.797949,-9.017949,-10.07795,-10.237949,-9.967949,-9.95795,-10.197949,-9.32795,-8.377949,-6.7579494,-10.3679495,-11.377949,-13.217949,-10.467949,-8.807949,-10.317949,-8.797949,-3.0279493,-1.4579492
-4.707949,-3.2979493,-2.1979492,-1.3179492,-1.8879492,-2.507949,-4.2779493,-3.8179493,-4.9079494,-4.417949,-4.017949,-5.367949,-6.667949,-5.9879494,-4.807949,-3.517949,-2.0979493,-1.0379492,-0.07794922,0.4320508,0.88205075,3.3920507,3.1720507,2.6620507,2.6320508,-0.11794922,-0.8879492,-2.1679492,-4.3179493,-4.137949,-5.137949,-4.6779494,-4.057949,-3.9179492,-3.9779491,-5.0479493,-4.9079494,-5.937949,-7.1079493,-8.887949,-9.307949,-8.147949,-8.45795,-7.557949,-7.577949,-7.617949,-6.457949,-4.6579494,-6.887949,-6.347949,-4.517949,-8.137949,-6.8179493,-7.917949,-6.1779494,-7.687949,-5.747949,-2.1579492
-5.807949,-3.8979492,-2.017949,-1.2579492,-0.8879492,-0.86794925,-1.1679492,-2.9579492,-1.3879492,-4.9479494,-5.7179494,-5.247949,-4.997949,-3.1779492,-0.55794924,1.4820508,0.9720508,1.8020508,1.8020508,1.9720508,1.5720508,1.3120508,1.3920507,1.2720507,2.3820508,2.3420508,2.3520508,-0.5279492,-1.1379492,-3.5979493,-2.507949,-3.1079493,-2.0479493,-2.4979491,-2.5679493,-2.6479492,-5.017949,-7.6979494,-9.007949,-7.4679494,-7.1579494,-8.647949,-7.7579494,-8.547949,-8.277949,-6.4279494,-5.097949,-3.1079493,-1.0279492,-3.6679492,-2.3479493,-0.25794923,-3.6779492,-5.457949,-5.307949,-5.637949,-7.077949,-4.6779494
-2.2179492,-4.2179494,-3.1079493,-1.9679493,-1.3579493,-0.93794924,-0.17794922,0.18205078,-0.7079492,0.44205078,1.9120507,4.502051,4.832051,6.0120506,4.442051,4.332051,4.6620507,4.602051,3.2020507,3.4320507,3.4020507,2.5820508,3.992051,3.0520508,2.242051,2.4020507,3.6520507,1.6820508,0.69205076,0.5920508,-0.99794924,-1.0679492,-1.1579492,-1.8179492,-2.3579493,-4.077949,-4.747949,-3.9879491,-3.0679493,-4.7179494,-5.2579494,-5.637949,-7.0479493,-7.017949,-6.4479494,-2.9279492,-0.6079492,-0.7379492,-0.74794924,-1.0479492,-2.3279493,-2.0279493,-2.8679492,-1.7879492,-4.8579493,-2.1379492,-4.8579493,-7.2179494
1.4220508,-5.0679493,-4.2779493,-4.417949,-3.2979493,-2.0479493,-0.06794922,0.8320508,2.3620508,3.7520509,5.362051,6.832051,7.652051,7.022051,5.8020506,4.622051,3.2720509,3.8020508,5.3220506,4.192051,4.9720507,4.902051,4.5920506,5.352051,4.3420506,2.8220508,2.9320507,1.9020507,1.3420508,2.2520509,2.3220508,2.0120509,0.042050783,-0.08794922,-0.93794924,-0.4679492,-0.30794922,-0.35794923,-0.4379492,-0.007949219,0.7220508,0.3120508,0.39205077,1.7520508,-1.4979492,-1.1079493,-0.86794925,-1.5379492,-1.2879492,0.2520508,-0.42794922,-0.6479492,-0.93794924,-1.1879492,-1.3179492,-1.6579492,-0.7379492,-3.8079493
1.5720508,-2.1579492,-6.287949,-5.137949,-4.417949,-4.917949,-2.3979492,-0.23794922,0.5120508,1.7620507,2.9120507,4.402051,5.3920507,4.772051,5.7420506,4.672051,6.2820506,5.922051,6.6420507,6.792051,5.882051,6.1820507,5.1620507,3.2820508,6.272051,4.8420506,4.1620507,2.6620507,2.0720508,2.7220507,3.8620508,4.8020506,4.982051,2.7220507,2.992051,4.292051,4.292051,3.732051,3.3420508,2.4520507,3.2920508,5.0920506,6.5320506,6.482051,7.292051,4.652051,2.5720508,2.9720507,1.5020508,0.07205078,-1.3079492,1.9420508,-2.4679492,-0.68794924,1.0020508,0.13205078,0.21205078,0.49205077
2.2720509,2.2620509,2.1820507,-2.507949,-3.9679492,-2.507949,-0.06794922,0.012050781,-0.61794925,-0.17794922,1.1220508,2.7520509,3.9720507,4.062051,4.2620506,4.2220507,3.8420508,4.2420506,5.252051,6.542051,7.2620506,5.942051,5.962051,4.792051,3.5620508,4.0320506,5.022051,4.7820506,2.4520507,2.7820508,3.5920508,4.482051,4.8020506,5.632051,5.172051,4.862051,6.112051,7.902051,8.562051,9.842051,10.972051,10.622051,10.222051,9.342051,8.222051,5.1420507,4.4520507,2.7620509,2.6520507,4.7020507,2.2820508,-1.2879492,2.0020509,3.7120507,2.4720507,2.5020509,-0.18794923,0.22205079
3.9620507,3.9320507,3.8620508,1.3420508,1.0320507,-0.2779492,0.3420508,-0.11794922,0.14205079,0.21205078,0.5120508,1.3520508,2.2820508,2.7520509,2.5020509,1.8620508,2.0320508,1.6420507,2.9320507,2.8020508,3.6720507,4.402051,4.942051,5.1820507,4.462051,4.372051,5.122051,6.002051,5.982051,3.0220509,3.0120509,3.4320507,5.962051,5.1820507,7.3220506,7.8020506,8.392051,8.692051,9.75205,10.17205,10.622051,11.71205,11.162051,10.532051,6.962051,6.502051,4.922051,6.332051,6.3020506,7.7420506,7.862051,6.402051,5.602051,4.8020506,4.622051,4.502051,3.492051,1.1720508
4.8220506,4.692051,4.582051,4.252051,1.6420507,1.0520508,2.2020507,2.5820508,0.7220508,1.5020508,-0.13794921,1.6620507,2.2020507,2.3420508,2.232051,1.6920508,0.7920508,0.94205076,0.5920508,0.20205078,1.2220508,1.6320508,3.1320508,4.7420506,5.0320506,4.7420506,4.2820506,5.112051,5.812051,7.382051,4.422051,4.2020507,3.4720507,6.5120506,8.532051,9.112051,10.25205,11.622051,12.152051,12.67205,12.71205,11.912051,11.162051,10.17205,8.952051,7.2820506,6.752051,6.7820506,8.902051,7.8020506,9.162051,8.822051,7.6820507,5.7820506,5.172051,5.102051,3.7220507,2.4520507
4.482051,4.332051,4.7220507,3.4220507,1.8720508,1.3020508,2.0120509,3.1420507,3.7920508,3.3820508,3.1020508,1.8720508,1.7020508,2.1420507,1.9920508,2.0820508,2.0520508,1.4020507,0.88205075,0.17205077,0.3420508,2.0720508,3.0520508,4.082051,4.982051,5.332051,4.7220507,4.9720507,5.5120506,6.502051,8.982051,7.252051,6.332051,6.2020507,5.232051,6.872051,8.492051,9.372051,9.812051,10.17205,10.532051,10.682051,10.662051,11.142051,11.102051,10.562051,11.692051,12.312051,13.242051,11.33205,10.242051,9.04205,7.612051,6.3220506,5.5720506,4.4320507,3.732051,3.0120509
4.5120506,4.4320507,4.252051,3.8620508,3.232051,2.5920508,1.1720508,2.5320508,2.9120507,3.4320507,2.4620507,1.8120508,1.2820507,0.94205076,1.1520507,1.0820508,1.4120507,1.2120508,1.1320508,1.0620508,1.1320508,1.6720508,2.4220507,3.0020509,3.7520509,4.1620507,4.8220506,5.272051,4.7820506,6.152051,7.2020507,8.352051,10.472051,10.022051,8.3820505,6.882051,7.3920507,7.6620507,8.652051,10.642051,13.742051,15.46205,15.192051,16.052052,16.702051,15.192051,18.25205,17.73205,13.71205,11.54205,10.402051,9.402051,8.79205,6.3420506,5.442051,4.132051,4.0120506,4.0120506
5.332051,4.9920506,4.812051,3.8120508,3.6220508,3.2620509,2.4620507,1.7920508,1.8720508,1.1920508,0.44205078,0.15205078,0.09205078,0.36205077,-0.07794922,-0.10794922,-0.5179492,-0.24794921,-0.5879492,-0.21794921,0.32205078,0.75205076,0.6420508,0.6520508,0.9820508,2.7220507,3.8620508,4.382051,5.8220506,5.882051,5.4920506,7.3420506,8.442051,9.732051,12.6320505,13.342051,13.08205,13.312051,13.362051,14.33205,15.192051,14.512051,14.842051,16.222052,15.772051,14.652051,13.812051,12.692051,12.312051,11.46205,9.992051,8.442051,9.1320505,6.5320506,5.5120506,4.362051,3.7520509,3.1320508
4.6620507,4.522051,3.982051,3.5020509,3.6820507,3.3820508,2.7620509,1.6420507,1.2720507,0.81205076,-0.14794922,0.6620508,-0.62794924,-0.4079492,-0.5779492,-1.0979493,-1.1979492,-0.9679492,-1.2379493,-1.2179493,-0.39794922,-0.16794921,0.19205078,-0.17794922,0.3420508,0.9520508,1.7320508,1.3820508,1.6120508,2.9520507,4.212051,5.622051,7.252051,8.6320505,9.75205,11.352051,12.232051,12.812051,13.372051,13.6320505,13.872051,14.372051,13.802051,13.152051,13.432051,11.772051,11.092051,10.812051,10.272051,9.262051,9.032051,8.42205,7.482051,6.2620506,4.6820507,4.252051,4.132051,3.8220508
4.732051,3.3420508,3.1120508,2.9220507,2.8820508,3.0720508,2.3920507,1.7020508,0.9120508,0.7020508,0.38205078,0.24205078,-0.5879492,-0.74794924,-1.3579493,-2.2979493,-2.8179493,-3.1779492,-1.7879492,-1.2979492,-1.0679492,-0.9779492,-0.7279492,0.20205078,1.1420507,1.7520508,2.3220508,3.2120507,4.352051,4.4320507,4.622051,5.0320506,4.942051,5.622051,7.192051,8.022051,8.982051,10.00205,11.3820505,11.182051,10.812051,10.532051,9.762051,9.202051,8.972051,9.452051,8.852051,9.262051,9.602051,9.42205,8.482051,8.302051,6.4920506,5.2820506,4.0320506,3.8420508,3.2520509,3.1920507
3.1620507,2.6520507,2.9420507,2.9620507,2.5420508,2.0120509,1.0020508,0.32205078,0.9020508,0.5220508,0.9220508,0.81205076,-0.32794923,-0.8879492,-1.6379492,-2.6079493,-3.4979491,-3.2379491,-2.7979493,-1.5379492,-1.1579492,-1.4679493,-0.68794924,-0.24794921,0.5820508,1.4320508,2.8920507,4.082051,4.632051,5.112051,5.1820507,5.2420506,5.502051,5.6420507,6.122051,7.2620506,8.032051,8.362051,9.242051,9.102051,9.242051,9.452051,9.592051,9.442051,8.162051,9.1320505,10.112051,9.612051,8.25205,7.832051,7.922051,6.692051,5.502051,2.8620508,4.062051,4.2620506,4.0320506,3.7720509
4.102051,3.2620509,2.6020508,2.1920507,1.6020508,1.2220508,-0.03794922,-0.69794923,-0.8579492,-0.07794922,-0.75794923,-0.3479492,-0.69794923,-1.5879493,-1.9679493,-2.3079493,-3.5579493,-3.8179493,-3.6579492,-3.8379493,-2.7179492,-2.6279492,-3.1379492,-1.5379492,-0.22794922,0.5720508,1.6120508,2.5020509,3.4420507,4.442051,4.9720507,5.8220506,6.752051,7.5320506,7.792051,8.072051,8.602051,9.362051,9.842051,10.142051,9.96205,9.762051,9.572051,8.982051,8.552051,8.282051,8.552051,8.612051,6.6620507,6.0120506,5.5320506,5.292051,3.5820508,3.9020507,3.482051,4.5720506,3.5320508,2.6120508
