currentwx/850wind.json
{"header": { "discipline":0, "disciplineName":"Meteorological products", "gribEdition":2, "gribLength":81788, "center":7, "centerName":"US National Weather Service - NCEP(WMC)", "subcenter":0, "refTime":"2025-07-28T00:00:00.000Z", "significanceOfRT":1, "significanceOfRTName":"Start of forecast", "productStatus":0, "productStatusName":"Operational products", "productType":1, "productTypeName":"Forecast products", "productDefinitionTemplate":0, "productDefinitionTemplateName":"Analysis/forecast at horizontal level/layer at a point in time", "parameterCategory":2, "parameterCategoryName":"Momentum", "parameterNumber":3, "parameterNumberName":"V-component_of_wind", "parameterUnit":"m.s-1", "genProcessType":2, "genProcessTypeName":"Forecast", "forecastTime":6, "surface1Type":100, "surface1TypeName":"Isobaric surface", "surface1Value":85000.0, "surface2Type":255, "surface2TypeName":"Missing", "surface2Value":0.0, "gridDefinitionTemplate":0, "gridDefinitionTemplateName":"Latitude_Longitude", "numberPoints":65160, "shape":6, "shapeName":"Earth spherical with radius of 6,371,229.0 m", "gridUnits":"degrees", "resolution":48, "winds":"true", "scanMode":0, "nx":360, "ny":181, "basicAngle":0, "lo1":0.0, "la1":90.0, "lo2":359.0, "la2":-90.0, "dx":1.0, "dy":1.0 }, "data":
[rows 0 to 26 of 181, columns 0 to 59 of 360]
-8.263921,-8.113921,-7.963921,-7.8039207,-7.643921,-7.473921,-7.313921,-7.143921,-6.973921,-6.8039207,-6.6339207,-6.453921,-6.283921,-6.103921,-5.923921,-5.733921,-5.5539207,-5.3639207,-5.173921,-4.983921,-4.793921,-4.603921,-4.413921,-4.213921,-4.013921,-3.823921,-3.623921,-3.4239209,-3.2239208,-3.0139208,-2.813921,-2.613921,-2.403921,-2.2039208,-1.9939209,-1.7839209,-1.583921,-1.3739209,-1.1639209,-0.9539209,-0.7439209,-0.5339209,-0.3239209,-0.123920895,0.0860791,0.2960791,0.5060791,0.7160791,0.9260791,1.1360791,1.3460791,1.5460792,1.7560791,1.9660791,2.176079,2.376079,2.5860791,2.7860792,2.9860792,3.196079
-8.313921,-8.153921,-8.013921,-7.873921,-7.743921,-7.603921,-7.463921,-7.313921,-7.163921,-7.033921,-6.933921,-6.8239207,-6.733921,-6.663921,-6.5739207,-6.493921,-6.423921,-6.333921,-6.233921,-6.1339207,-6.033921,-5.923921,-5.813921,-5.683921,-5.563921,-5.423921,-5.223921,-5.023921,-4.813921,-4.5939207,-4.353921,-4.1139207,-3.863921,-3.603921,-3.343921,-3.073921,-2.793921,-2.523921,-2.2439208,-1.973921,-1.6939209,-1.4239209,-1.1539209,-0.8939209,-0.6339209,-0.3739209,-0.1339209,0.0960791,0.3260791,0.5560791,0.7860791,1.0060791,1.2360791,1.4560791,1.6860791,1.906079,2.126079,2.346079,2.5760791,2.7960792
-8.223921,-8.213921,-8.203921,-8.193921,-8.153921,-8.113921,-8.0839205,-8.033921,-7.973921,-7.913921,-7.853921,-7.773921,-7.693921,-7.603921,-7.513921,-7.413921,-7.313921,-7.203921,-7.0939207,-6.973921,-6.853921,-6.733921,-6.623921,-6.513921,-6.403921,-6.313921,-6.223921,-6.153921,-6.0739207,-5.993921,-5.913921,-5.8039207,-5.653921,-5.503921,-5.3239207,-5.0739207,-4.813921,-4.503921,-4.183921,-3.863921,-3.5139208,-3.153921,-2.783921,-2.4139209,-2.053921,-1.6839209,-1.3139209,-0.9539209,-0.5939209,-0.2339209,0.1360791,0.4960791,0.8460791,1.1960791,1.536079,1.8660791,2.186079,2.476079,2.7560792,3.0360792
-7.1339207,-7.173921,-7.183921,-7.193921,-7.193921,-7.163921,-7.1339207,-7.103921,-7.063921,-7.033921,-6.993921,-6.953921,-6.913921,-6.873921,-6.853921,-6.8239207,-6.793921,-6.773921,-6.743921,-6.703921,-6.663921,-6.6139207,-6.5539207,-6.503921,-6.433921,-6.373921,-6.3239207,-6.293921,-6.293921,-6.313921,-6.3439207,-6.373921,-6.373921,-6.293921,-6.173921,-5.983921,-5.6339207,-5.253921,-4.8439207,-4.373921,-3.893921,-3.403921,-2.893921,-2.343921,-1.7639209,-1.1639209,-0.5639209,0.0360791,0.5860791,1.0960791,1.5760791,2.0060792,2.386079,2.7460792,3.0660791,3.356079,3.626079,3.8360791,4.016079,4.166079
-5.733921,-5.663921,-5.5939207,-5.5539207,-5.523921,-5.523921,-5.543921,-5.543921,-5.543921,-5.513921,-5.473921,-5.413921,-5.3439207,-5.263921,-5.193921,-5.103921,-5.023921,-4.953921,-4.8839207,-4.813921,-4.743921,-4.683921,-4.623921,-4.583921,-4.5539207,-4.5539207,-4.563921,-4.623921,-4.703921,-4.793921,-4.903921,-4.983921,-5.033921,-5.043921,-4.983921,-4.873921,-4.673921,-4.393921,-4.043921,-3.623921,-3.153921,-2.643921,-2.093921,-1.5439209,-1.0039209,-0.4839209,0.026079101,0.4960791,0.8960791,1.2360791,1.526079,1.776079,1.9760791,2.166079,2.3360791,2.466079,2.5660791,2.626079,2.666079,2.686079
-4.413921,-4.393921,-4.373921,-4.3639207,-4.3439207,-4.293921,-4.243921,-4.163921,-4.083921,-4.003921,-3.9339209,-3.873921,-3.823921,-3.803921,-3.793921,-3.803921,-3.813921,-3.843921,-3.853921,-3.873921,-3.873921,-3.833921,-3.793921,-3.7239208,-3.6639209,-3.593921,-3.533921,-3.4639208,-3.403921,-3.323921,-3.2339208,-3.133921,-2.9739208,-2.783921,-2.533921,-2.2439208,-1.9339209,-1.6139209,-1.2839209,-0.9839209,-0.67392087,-0.4339209,-0.2039209,-0.043920897,0.1060791,0.2060791,0.2560791,0.3160791,0.3360791,0.3560791,0.3560791,0.4060791,0.4560791,0.5160791,0.57607913,0.6760791,0.7860791,0.8960791,0.9560791,0.9960791
-3.5139208,-3.4739208,-3.4339209,-3.403921,-3.343921,-3.2439208,-3.133921,-3.0039208,-2.873921,-2.803921,-2.7539208,-2.7139208,-2.7239208,-2.643921,-2.543921,-2.4139209,-2.2339208,-2.123921,-2.0039208,-1.8639209,-1.7639209,-1.713921,-1.6939209,-1.7039208,-1.6839209,-1.6739209,-1.6539209,-1.5439209,-1.3939209,-1.2439209,-1.1139209,-0.9339209,-0.7939209,-0.7139209,-0.6339209,-0.4739209,-0.2639209,-0.0039208983,0.2760791,0.4460791,0.4460791,0.3460791,0.1860791,0.0560791,-0.0639209,-0.1439209,-0.2339209,-0.3539209,-0.4539209,-0.5339209,-0.6539209,-0.8239209,-0.9539209,-1.0439209,-1.093921,-1.1039209,-1.1339209,-1.1439209,-1.1139209,-0.9739209
-2.6839209,-2.2139208,-1.8839209,-1.713921,-1.5339209,-0.92392087,-0.24392089,0.3060791,0.7860791,1.1060791,1.3660791,1.656079,1.536079,1.1160791,0.5460791,0.0660791,-0.4539209,-0.7839209,-0.7239209,-0.1639209,0.4060791,0.9860791,1.3560791,1.5760791,1.4960791,1.406079,1.2560791,0.9760791,0.7660791,0.6660791,0.5460791,0.46607912,0.3560791,0.1860791,0.0660791,0.046079103,0.1060791,0.3160791,0.6060791,0.7560791,0.82607913,0.8460791,0.8660791,0.82607913,0.6760791,0.4460791,0.1360791,-0.2039209,-0.3039209,-0.3939209,-0.5839209,-0.8739209,-1.3239208,-2.143921,-3.083921,-3.9339209,-4.723921,-5.153921,-5.043921,-4.583921
0.7260791,0.9760791,1.1460791,1.276079,1.3160791,1.3860791,1.4660791,1.5160791,1.6260791,1.6860791,1.7460791,1.8260791,1.8060791,1.656079,1.4560791,1.3160791,1.286079,1.276079,1.3560791,1.4260792,1.4760791,1.4460791,1.3660791,1.276079,1.156079,0.9560791,0.6560791,0.3360791,0.0660791,-0.1339209,-0.28392088,-0.3839209,-0.4639209,-0.5339209,-0.5639209,-0.5939209,-0.5839209,-0.3439209,-0.0039208983,0.2660791,0.5460791,0.9660791,1.3660791,1.5460792,1.6160791,1.6760792,1.5660791,1.1460791,0.5660791,-0.0639209,-1.1539209,-2.633921,-3.583921,-3.9339209,-4.913921,-6.423921,-6.993921,-6.413921,-5.163921,-3.9639208
3.156079,3.2560792,3.406079,3.606079,3.656079,3.646079,3.636079,3.416079,2.896079,2.456079,2.136079,1.8760791,1.8360791,2.0460792,2.196079,2.156079,1.6860791,1.3260791,1.6260791,2.0860791,2.216079,2.0860791,1.8660791,1.4460791,0.4960791,-0.4739209,-1.083921,-1.2639209,-1.343921,-1.4039209,-1.4339209,-1.3939209,-1.1439209,-0.7439209,-0.5439209,-0.5939209,-0.6639209,-0.67392087,-0.5439209,-0.2339209,0.0860791,0.3560791,0.6760791,1.0160791,1.1160791,0.9860791,0.57607913,0.0660791,-0.2339209,-0.5739209,-1.5439209,-2.843921,-3.873921,-4.293921,-3.853921,-3.303921,-3.0039208,-2.9139209,-3.0139208,-3.2539208
4.316079,4.436079,4.596079,4.6160793,4.486079,4.216079,3.866079,3.686079,3.5060792,3.206079,2.7460792,2.0260792,1.776079,2.5660791,3.0260792,3.436079,3.696079,3.2860792,3.226079,2.596079,1.906079,1.8260791,1.5760791,1.2260791,0.9460791,0.7260791,0.7760791,1.1060791,0.5260791,-0.043920897,-0.5139209,-0.9839209,-1.2339209,-1.333921,-1.2739209,-0.5639209,0.2560791,0.7960791,1.156079,1.4560791,1.6360791,1.6460791,1.6960791,1.7460791,1.6760792,1.4360791,1.1460791,0.9960791,0.9960791,0.6160791,-0.1939209,-0.6439209,-0.7739209,-0.6639209,-0.9339209,-1.5239209,-1.9039209,-1.8239208,-1.7539209,-1.6639209
5.806079,5.086079,4.566079,4.006079,3.7860792,3.636079,3.176079,2.5560791,1.7960792,0.9060791,0.8160791,1.7060791,2.5660791,2.0560791,2.656079,2.896079,2.8260791,1.8460791,0.8960791,2.2460792,1.9860791,2.876079,3.4960792,2.7860792,1.9460791,1.406079,0.9460791,0.7160791,0.6160791,0.4460791,0.3260791,0.4760791,0.6860791,0.8360791,0.8860791,0.8560791,0.7560791,0.7360791,0.9960791,1.3260791,1.7360791,2.136079,2.5260792,2.906079,3.5360792,3.726079,2.9960792,1.8960791,1.036079,0.4060791,-0.013920899,-0.1039209,-0.3339209,-0.8939209,-1.3739209,-1.5539209,-1.5139209,-1.7739209,-2.563921,-3.093921
5.046079,4.6360793,4.1960793,3.5160792,3.136079,3.0660791,2.5360792,1.6060791,0.5260791,-0.3839209,0.4560791,1.2960792,1.6860791,1.9360791,2.376079,2.476079,2.426079,2.3160791,2.3260791,2.396079,1.6860791,0.9760791,0.5360791,0.1660791,0.2760791,0.0360791,0.6860791,0.7660791,0.57607913,0.8360791,1.1860791,1.5060791,2.3260791,3.0060792,3.4860792,4.246079,5.686079,6.276079,5.966079,5.326079,3.7860792,2.406079,1.3060791,0.7760791,1.1960791,2.646079,3.416079,3.436079,3.146079,2.446079,1.776079,1.286079,0.7860791,0.0960791,-0.9739209,-2.143921,-2.373921,-1.843921,-1.2639209,-1.5439209
4.316079,4.006079,3.7460792,3.4960792,3.0460792,2.616079,2.366079,2.136079,1.9960791,2.0760791,2.126079,2.166079,2.2360792,2.396079,2.5360792,2.476079,2.706079,2.396079,2.606079,2.726079,2.696079,2.476079,2.126079,1.7460791,1.7060791,1.8260791,1.8660791,1.7560791,1.8460791,2.096079,2.7860792,3.5660791,3.476079,3.906079,3.906079,4.356079,4.4060793,4.016079,4.1160793,3.616079,2.676079,2.5260792,2.0360792,1.7660791,0.9260791,-0.8839209,-2.2139208,-1.5639209,-0.6039209,0.7660791,2.0760791,2.636079,2.7960792,2.596079,2.2760792,1.7660791,0.9760791,-0.2339209,-1.0739208,-1.1739209
5.186079,5.346079,5.286079,4.796079,4.296079,4.106079,3.956079,3.606079,3.5460792,3.8360791,4.226079,4.756079,4.646079,3.5460792,3.5160792,4.376079,4.216079,3.916079,3.0860791,1.916079,2.696079,2.8060791,2.886079,3.436079,3.7960792,4.056079,3.606079,2.596079,2.0160792,1.7660791,1.6160791,1.4460791,1.4560791,2.096079,2.5160792,2.156079,2.2960792,1.9360791,2.5160792,2.666079,2.186079,2.0360792,2.4860792,0.6960791,1.2460791,2.216079,0.8760791,-0.5939209,-1.973921,-2.6939209,-3.2239208,-2.363921,-0.8939209,0.5560791,0.82607913,0.7860791,1.276079,1.6960791,1.2460791,0.2860791
6.256079,5.1760793,4.856079,5.256079,5.1560793,5.416079,5.376079,4.756079,4.216079,3.896079,3.406079,3.116079,3.0160792,2.396079,3.166079,3.676079,3.8260791,3.626079,3.926079,5.026079,5.256079,5.506079,5.016079,4.236079,3.896079,3.706079,3.346079,2.926079,2.8160791,2.8260791,2.676079,2.4960792,2.726079,2.876079,2.7360792,1.9560791,1.2960792,0.7360791,1.0660791,1.1760792,1.1260791,0.5060791,-0.5339209,-0.9939209,0.1860791,1.026079,1.3560791,1.406079,-0.0239209,-1.7839209,-3.153921,-3.403921,-3.553921,-4.013921,-2.9539208,-1.9139209,-1.2839209,0.6460791,-1.0239209,-0.4939209
4.976079,4.796079,4.486079,4.516079,5.6960793,5.736079,7.646079,7.6160793,7.1960793,6.146079,4.8660793,3.8160791,3.3360791,2.2360792,2.0360792,2.2560792,2.896079,3.7460792,4.4460793,4.6760793,5.066079,4.986079,4.736079,4.496079,4.466079,4.496079,4.326079,3.936079,3.5660791,3.2360792,2.896079,2.876079,2.926079,2.846079,2.656079,2.386079,1.9960791,1.8360791,1.0560791,0.6360791,1.4560791,0.1260791,-1.6839209,-1.3139209,-3.043921,-3.523921,-0.8239209,-0.1939209,-1.3839209,-1.5639209,-2.393921,-2.7439208,-1.973921,-2.613921,-2.123921,-1.9839209,-1.6039209,-3.043921,-5.423921,-3.4139209
3.866079,4.066079,4.276079,5.236079,7.026079,8.2060795,9.146079,8.1660795,6.766079,7.1360793,5.736079,4.966079,4.336079,3.686079,3.0760791,2.886079,2.896079,2.9960792,3.2660792,3.5460792,3.5560791,3.856079,4.186079,4.556079,4.856079,4.9060793,5.086079,5.246079,5.1560793,4.916079,4.476079,4.066079,3.8160791,3.726079,3.666079,3.5260792,3.3160791,2.7560792,2.186079,1.536079,0.9360791,0.1960791,-0.7539209,-1.6839209,-2.2239208,-4.263921,-5.413921,-5.643921,-5.213921,-3.4639208,-2.9539208,-1.7839209,-1.3039209,-2.4339209,-3.5039208,-3.0039208,-3.1939209,-3.813921,-5.173921,-4.8639207
4.976079,6.286079,7.686079,8.236079,7.796079,8.466079,8.606079,7.486079,6.036079,5.6160793,3.0260792,3.676079,4.256079,4.376079,3.866079,3.2360792,2.7460792,2.5560791,2.8260791,2.866079,2.426079,1.9460791,0.8160791,-0.1039209,-0.1839209,1.5160791,3.5460792,4.316079,4.516079,3.5860791,4.016079,6.076079,6.726079,7.726079,8.436079,8.006079,6.826079,5.056079,3.596079,2.206079,1.526079,0.4160791,-0.2039209,-0.9739209,-1.7039208,-2.383921,-3.033921,-4.173921,-5.223921,-6.003921,-6.3239207,-5.893921,-5.683921,-5.583921,-6.3839207,-5.1139207,-3.633921,-3.623921,-3.7139208,-4.373921
5.806079,6.956079,7.006079,6.026079,7.006079,7.576079,6.956079,5.286079,4.4460793,3.5660791,3.186079,2.936079,3.0660791,3.206079,3.426079,3.166079,1.7160791,0.3460791,-1.083921,-2.853921,-2.273921,-0.7339209,3.476079,10.9560795,11.306079,12.156079,12.786079,13.026079,11.576079,9.796079,8.266079,7.236079,7.346079,7.6960793,8.736079,9.116079,8.996079,8.316079,6.236079,4.186079,2.646079,2.476079,1.7660791,-0.4339209,-2.1839209,-2.9339209,-4.1339207,-4.953921,-5.523921,-5.743921,-6.453921,-7.353921,-7.223921,-6.703921,-6.3639207,-7.1139207,-6.6139207,-6.3039207,-6.833921,-6.663921
6.346079,5.6160793,6.206079,6.9260793,6.046079,4.996079,4.956079,3.716079,2.7760792,2.456079,2.0360792,1.6360791,1.4860791,1.166079,0.1060791,-0.8939209,-2.073921,-2.323921,-0.6839209,4.806079,6.456079,6.956079,8.776079,10.796079,12.836079,12.596079,11.776079,11.496079,10.606079,9.786079,9.196079,8.7060795,7.496079,6.566079,5.6560793,5.506079,7.516079,8.646079,7.6760793,6.016079,4.806079,4.066079,3.2460792,2.0160792,0.7960791,-0.5139209,-2.7139208,-4.583921,-5.963921,-6.513921,-7.0539207,-7.463921,-7.893921,-7.463921,-8.093921,-7.923921,-7.203921,-7.913921,-7.793921,-7.673921
6.896079,5.466079,6.6960793,5.756079,5.686079,4.396079,3.726079,2.5560791,1.4460791,1.526079,1.3560791,0.6660791,-0.1939209,-1.8639209,-3.633921,-4.193921,-0.6539209,3.466079,3.706079,2.7760792,5.186079,10.946079,12.326079,11.926079,11.596079,11.976079,11.266079,12.446079,10.606079,9.306079,8.476079,6.976079,6.396079,6.266079,6.8860793,5.796079,3.396079,4.256079,4.3860793,6.3860793,5.326079,3.846079,3.406079,2.7860792,1.6060791,0.1760791,-1.5239209,-3.4439209,-5.263921,-6.453921,-7.183921,-7.813921,-8.013921,-7.973921,-7.943921,-8.233921,-8.253921,-8.2939205,-8.3339205,-7.713921
4.3660793,3.386079,5.736079,4.996079,5.1960793,4.766079,3.5060792,3.0660791,2.2760792,0.9160791,0.026079101,-1.5239209,-3.813921,-5.833921,-5.193921,1.276079,3.096079,2.686079,1.0160791,4.6160793,9.9160795,11.446079,10.786079,12.146079,11.046079,9.776079,11.776079,13.136079,10.436079,12.486079,9.276079,7.4260793,7.716079,5.4460793,4.786079,3.106079,5.326079,1.8860791,1.2360791,1.6360791,3.456079,3.126079,1.9360791,1.1960791,0.7660791,0.3260791,-1.0239209,-2.2239208,-3.603921,-5.1139207,-6.603921,-7.423921,-8.253921,-9.403921,-10.153921,-9.943921,-9.533921,-9.063921,-8.433921,-8.283921
1.8160791,2.896079,4.076079,3.396079,5.4060793,5.376079,4.796079,4.1560793,2.8160791,1.2160791,-1.343921,-4.253921,-6.853921,-5.953921,0.2460791,2.716079,4.1760793,3.2660792,6.236079,9.296079,10.036079,10.886079,9.886079,13.506079,13.336079,11.4160795,12.006079,12.216079,9.946079,9.576079,8.886079,8.656079,7.466079,7.126079,5.596079,5.236079,2.8260791,1.6760792,-0.0339209,-0.6839209,0.1260791,0.5260791,0.7360791,0.4260791,-0.5739209,-1.4139209,-1.6239209,-2.363921,-3.1639209,-4.313921,-6.003921,-6.8839207,-7.903921,-8.253921,-8.37392,-8.403921,-8.033921,-7.433921,-7.313921,-5.703921
-0.9639209,1.026079,0.1960791,4.956079,4.596079,6.596079,5.336079,4.096079,2.3260791,-0.013920899,-3.9139209,-6.003921,-3.273921,-0.6639209,1.7560791,2.386079,3.206079,8.386079,6.206079,10.026079,9.566079,8.386079,8.936079,13.176079,14.506079,11.306079,9.226079,11.026079,12.2060795,10.726079,9.686079,8.236079,7.1960793,5.126079,4.466079,3.646079,1.916079,1.3060791,-0.1639209,-1.2839209,-2.073921,-2.303921,-1.2339209,-1.9439209,-1.8639209,-1.9539208,-2.303921,-2.9739208,-3.9539208,-4.813921,-5.3039207,-6.513921,-7.433921,-7.773921,-7.433921,-6.833921,-5.533921,-4.683921,-3.813921,-2.793921
-2.2039208,0.1060791,-1.4539208,2.596079,5.506079,8.966079,6.276079,3.7560792,1.2160791,-0.8039209,-3.863921,-5.693921,-0.6839209,-0.6239209,1.286079,2.426079,5.876079,8.87608,7.506079,7.146079,9.396079,8.026079,10.446079,12.9160795,14.036079,12.016079,9.546079,7.206079,8.4160795,11.2060795,12.716079,10.396079,6.936079,4.706079,4.786079,3.866079,2.646079,1.5660791,0.7860791,-0.7339209,-2.7439208,-3.323921,-2.4539208,-2.383921,-2.7139208,-3.533921,-4.763921,-5.223921,-4.703921,-5.463921,-6.063921,-6.8239207,-7.183921,-7.513921,-6.453921,-3.603921,-0.9539209,-2.113921,-3.073921,-3.9339209
-2.2439208,-1.2439209,-0.6639209,1.7960792,4.586079,5.586079,6.4460793,3.176079,0.1060791,-1.5339209,-2.9939208,-3.853921,-1.3039209,-1.583921,0.4760791,2.976079,6.106079,6.876079,6.716079,6.626079,9.286079,10.286079,9.9560795,11.496079,11.036079,14.336079,12.616079,9.736079,10.726079,11.036079,12.1660795,11.026079,8.256079,4.936079,4.296079,2.156079,3.7360792,1.5660791,0.57607913,-1.6139209,-3.7139208,-4.963921,-2.793921,-1.963921,-2.4839208,-2.0039208,-4.253921,-6.513921,-5.973921,-6.473921,-7.213921,-5.953921,-6.023921,-6.253921,-5.043921,-3.833921,-2.4139209,-4.583921,-6.913921,-1.723921
