currentwx/850wind.json
{"header": { "discipline":0, "disciplineName":"Meteorological products", "gribEdition":2, "gribLength":81788, "center":7, "centerName":"US National Weather Service - NCEP(WMC)", "subcenter":0, "refTime":"2025-07-28T00:00:00.000Z", "significanceOfRT":1, "significanceOfRTName":"Start of forecast", "productStatus":0, "productStatusName":"Operational products", "productType":1, "productTypeName":"Forecast products", "productDefinitionTemplate":0, "productDefinitionTemplateName":"Analysis/forecast at horizontal level/layer at a point in time", "parameterCategory":2, "parameterCategoryName":"Momentum", "parameterNumber":3, "parameterNumberName":"V-component_of_wind", "parameterUnit":"m.s-1", "genProcessType":2, "genProcessTypeName":"Forecast", "forecastTime":6, "surface1Type":100, "surface1TypeName":"Isobaric surface", "surface1Value":85000.0, "surface2Type":255, "surface2TypeName":"Missing", "surface2Value":0.0, "gridDefinitionTemplate":0, "gridDefinitionTemplateName":"Latitude_Longitude", "numberPoints":65160, "shape":6, "shapeName":"Earth spherical with radius of 6,371,229.0 m", "gridUnits":"degrees", "resolution":48, "winds":"true", "scanMode":0, "nx":360, "ny":181, "basicAngle":0, "lo1":0.0, "la1":90.0, "lo2":359.0, "la2":-90.0, "dx":1.0, "dy":1.0 }, "data":
[rows 135 to 161 of 181, columns 120 to 179 of 360]
9.106079,8.266079,8.756079,9.366079,6.956079,2.636079,0.0660791,-1.7739209,-1.1939209,-2.2439208,-0.2939209,0.0860791,1.2160791,1.9460791,1.6160791,2.2860792,2.2860792,4.356079,5.6960793,8.4560795,10.1660795,10.136079,10.856079,11.996079,13.936079,15.896079,14.526079,15.146079,6.046079,-2.623921,-4.683921,-5.213921,-4.493921,-3.2439208,-3.553921,-3.2339208,-4.3439207,-6.3039207,-9.003921,-10.933921,-12.003921,-10.853921,-10.303921,-11.363921,-12.013921,-31.913921,-29.60392,-29.233921,-8.323921,-4.713921,-5.793921,-8.153921,-9.313921,-11.063921,-7.923921,-18.843922,-18.62392,-14.87392,-13.533921,-10.433921
8.676079,8.056079,7.6560793,7.016079,7.346079,9.786079,5.036079,0.016079102,-1.4339209,-0.2739209,-3.4139209,2.3360791,-0.9739209,1.526079,3.406079,3.3260791,1.8660791,2.9960792,3.606079,7.186079,9.076079,8.776079,10.976079,10.106079,12.526079,14.9160795,14.146079,10.826079,8.366079,0.2360791,-2.4139209,-5.903921,-5.493921,-3.7139208,-3.403921,-4.663921,-5.483921,-6.793921,-9.023921,-11.213921,-11.843921,-12.313921,-12.853921,-17.39392,-16.003922,-28.323921,-34.10392,-12.0439205,-15.673921,-1.333921,-6.123921,-11.523921,-14.0839205,-10.603921,-8.633921,-14.343921,-15.143921,-13.803921,-11.673921,-10.563921
7.1360793,6.916079,6.496079,6.8860793,6.9260793,6.816079,8.016079,9.756079,4.1360793,1.2360791,-0.8039209,-0.21392089,-0.5339209,-0.1839209,1.6460791,2.8260791,3.8160791,3.0860791,3.3160791,3.206079,8.516079,7.1560793,9.066079,8.256079,9.806079,13.526079,14.616079,12.426079,7.956079,2.466079,-0.5939209,-4.183921,-5.183921,-4.0539207,-4.063921,-4.663921,-6.623921,-7.723921,-9.12392,-12.223921,-12.7939205,-12.493921,-13.943921,-15.343921,-21.62392,-27.983921,-32.113922,-8.453921,-14.303921,-3.643921,-7.853921,-11.663921,-13.563921,-12.673921,-9.943921,-10.673921,-11.463921,-11.263921,-10.8339205,-9.803921
4.1760793,4.786079,5.9260793,5.836079,5.736079,6.096079,7.056079,7.236079,9.006079,7.556079,7.066079,1.1160791,0.0560791,-0.5839209,-0.9539209,0.4860791,2.0560791,4.806079,2.596079,2.946079,5.916079,6.066079,7.546079,7.356079,7.316079,10.12608,14.066079,14.086079,12.846079,4.376079,0.4860791,-2.2139208,-4.373921,-4.773921,-3.2639208,-6.733921,-8.353921,-10.423921,-13.443921,-12.513921,-12.153921,-13.163921,-14.893921,-16.27392,-20.27392,-31.95392,-30.263922,-14.443921,-16.22392,-6.503921,-10.863921,-12.933921,-11.973921,-11.023921,-11.533921,-10.423921,-9.0839205,-8.62392,-8.503921,-8.2939205
3.396079,2.7460792,3.0260792,4.706079,5.766079,5.296079,5.606079,6.746079,7.236079,8.236079,10.006079,8.87608,4.8660793,0.6560791,-2.613921,-1.973921,-1.4239209,0.7160791,2.856079,2.136079,3.426079,4.646079,5.976079,6.226079,6.756079,7.6560793,10.446079,13.646079,11.496079,8.2060795,4.786079,1.1360791,-1.463921,-4.103921,-4.853921,-6.463921,-11.093921,-11.7939205,-14.87392,-15.323921,-13.143921,-15.253921,-15.673921,-15.273921,-19.03392,-27.80392,-27.63392,-21.153921,-16.80392,-11.523921,-14.743921,-14.733921,-12.853921,-11.483921,-10.633921,-9.733921,-8.573921,-8.3339205,-7.703921,-7.6139207
3.616079,1.3560791,0.7060791,2.4960792,3.966079,4.876079,3.946079,4.8660793,6.376079,7.1560793,7.846079,10.506079,9.776079,8.696079,4.986079,-5.933921,-3.4239209,-3.063921,-0.28392088,1.2960792,1.1860791,2.706079,3.936079,5.896079,5.686079,6.306079,7.556079,11.606079,12.2060795,12.056079,6.936079,2.636079,-0.7039209,-1.2339209,-4.243921,-8.383921,-10.203921,-11.523921,-14.5439205,-16.403921,-16.253922,-15.223921,-15.853921,-18.38392,-18.743921,-21.753922,-28.423922,-23.29392,-22.233921,-17.063921,-17.493921,-15.553921,-11.903921,-11.3339205,-10.883921,-9.323921,-9.053921,-8.773921,-7.773921,-6.853921
1.4860791,1.4660791,-0.2039209,0.1160791,2.4860792,3.8260791,2.916079,3.626079,4.8660793,6.486079,7.106079,8.106079,8.756079,12.236079,9.776079,6.716079,-5.333921,-2.843921,-5.0939207,-2.113921,-0.1939209,-0.1839209,1.776079,3.7560792,4.966079,4.826079,5.936079,6.536079,10.296079,13.62608,12.236079,8.396079,5.466079,-1.8739209,-4.763921,-9.563921,-8.533921,-13.003921,-13.483921,-15.253921,-16.63392,-18.03392,-18.85392,-21.903921,-22.39392,-23.02392,-28.753922,-25.423922,-24.27392,-20.53392,-19.093922,-14.143921,-11.733921,-9.433921,-9.143921,-10.513921,-10.213921,-6.5739207,-6.083921,-4.833921
-0.1939209,1.1160791,0.0360791,-1.5539209,-0.3639209,2.206079,0.9660791,1.2060791,3.2760792,5.166079,6.316079,8.006079,9.536079,8.496079,10.216079,11.4160795,8.2060795,2.156079,-6.8839207,-6.023921,-3.7639208,-1.7939209,-1.2539209,1.8960791,3.0260792,3.446079,3.646079,5.126079,6.506079,8.496079,8.836079,13.526079,10.076079,3.426079,-1.6439209,-4.833921,-13.923921,-10.2939205,-10.753921,-15.683921,-17.29392,-18.013922,-20.263922,-21.483921,-19.64392,-24.02392,-25.05392,-27.78392,-26.10392,-24.39392,-17.833921,-11.963921,-9.303921,-8.703921,-13.363921,-10.613921,-8.693921,-6.5539207,-6.163921,-4.003921
-2.043921,0.0760791,0.016079102,-3.583921,-2.813921,-1.2039208,-1.0139209,-0.2739209,1.3360791,3.196079,5.326079,6.806079,8.266079,9.886079,7.966079,8.12608,11.356079,9.646079,5.4260793,-6.333921,-8.393921,-5.3239207,-3.303921,-2.9539208,1.2660791,0.7360791,1.5460792,2.386079,4.016079,5.786079,7.726079,9.476079,11.056079,3.396079,2.7760792,-1.9239209,-9.87392,-8.823921,-11.923921,-17.30392,-17.233921,-14.423921,-15.5839205,-18.47392,-19.80392,-21.60392,-28.28392,-28.20392,-27.11392,-25.28392,-15.693921,-10.493921,-17.70392,-15.603921,-12.253921,-9.12392,-7.643921,-6.5939207,-4.623921,-1.5739208
-1.2639209,-0.3739209,-1.6039209,-4.5539207,-4.963921,-2.273921,-1.6839209,-1.5239209,-0.4439209,1.4360791,3.7560792,5.576079,7.576079,8.366079,8.9160795,8.966079,8.7060795,10.366079,10.086079,8.176079,-3.593921,-9.613921,-6.973921,-5.3239207,-4.943921,-1.8939209,-2.0139208,-0.1139209,0.9460791,2.886079,4.166079,5.526079,8.606079,0.9560791,-0.8939209,2.636079,-4.213921,-8.303921,-13.3339205,-13.8339205,-15.523921,-15.753921,-13.743921,-15.063921,-15.593921,-21.333921,-26.97392,-29.38392,-24.04392,-19.20392,-12.433921,-18.14392,-15.773921,-13.493921,-11.443921,-7.653921,-7.0939207,-4.983921,-2.573921,-0.6339209
-1.5139209,-0.7839209,-3.143921,-7.353921,-7.253921,-4.463921,-2.6939209,-1.2739209,-0.7539209,-0.1639209,1.9960791,3.906079,6.046079,7.726079,7.8660793,7.976079,8.816079,7.6960793,8.766079,9.936079,7.526079,-2.863921,-10.143921,-9.37392,-7.713921,-7.163921,-4.173921,-1.9039209,-2.153921,-0.8439209,0.6860791,0.5460791,1.5160791,4.4060793,3.176079,-3.4739208,2.7560792,2.466079,-4.3439207,-6.713921,-11.173921,-18.03392,-13.683921,-16.11392,-14.423921,-16.71392,-17.11392,-24.60392,-20.89392,-19.62392,-19.62392,-16.653921,-14.613921,-12.213921,-8.503921,-6.813921,-5.173921,-3.093921,-2.123921,-1.3239208
0.5060791,-1.713921,-6.533921,-9.973921,-8.493921,-5.473921,-4.173921,-1.593921,-0.8839209,-0.1939209,1.0960791,1.6860791,4.146079,5.826079,5.936079,7.206079,7.626079,6.9260793,8.436079,9.506079,8.656079,7.8660793,-2.903921,-11.3339205,-11.913921,-9.673921,-8.713921,-6.123921,-3.573921,-4.043921,-3.1939209,-2.593921,-3.553921,-3.9739208,-1.2039208,-2.543921,-3.823921,-4.1339207,-3.313921,-3.7539208,-3.773921,-4.023921,-11.453921,-12.393921,-12.433921,-14.523921,-14.983921,-18.96392,-19.14392,-17.13392,-19.423922,-14.7939205,-11.993921,-9.993921,-8.193921,-5.653921,-4.013921,-3.133921,-2.1839209,-1.593921
0.6560791,-5.8239207,-11.423921,-10.773921,-9.303921,-6.513921,-4.713921,-2.1639209,-0.6139209,0.5260791,1.536079,2.876079,3.0460792,2.886079,5.276079,4.746079,5.976079,6.526079,7.086079,8.236079,8.276079,9.786079,7.6760793,-4.373921,-11.87392,-14.12392,-10.653921,-9.7939205,-8.263921,-5.793921,-5.153921,-5.833921,-5.6139207,-6.683921,-6.663921,-5.543921,-5.783921,-6.333921,-6.783921,-6.873921,-7.3239207,-7.773921,-8.433921,-10.033921,-11.723921,-12.503921,-13.413921,-15.223921,-17.323921,-17.63392,-14.433921,-12.363921,-9.993921,-8.463921,-6.5739207,-5.3439207,-4.173921,-3.393921,-3.2239208,-3.6839209
-1.7539209,-14.503921,-12.233921,-12.013921,-8.5439205,-6.1139207,-3.033921,-1.5639209,-0.4239209,-0.2039209,0.9460791,2.456079,2.8260791,2.956079,3.376079,4.3660793,4.056079,5.416079,6.216079,7.226079,8.406079,6.466079,9.246079,9.486079,-3.793921,-12.563921,-15.983921,-11.323921,-11.253921,-8.783921,-7.683921,-6.313921,-9.033921,-7.683921,-8.933921,-8.813921,-8.313921,-8.0439205,-7.993921,-8.273921,-8.703921,-8.903921,-8.803921,-9.453921,-10.183921,-11.12392,-11.733921,-12.613921,-12.513921,-11.983921,-11.313921,-10.363921,-9.3339205,-8.0439205,-6.853921,-5.393921,-4.453921,-3.533921,-3.653921,-5.0739207
-14.0839205,-15.0839205,-14.353921,-10.503921,-8.503921,-5.8839207,-3.7239208,-2.2039208,-1.1739209,-0.0239209,0.9760791,1.8560791,2.686079,3.126079,3.446079,3.446079,3.686079,3.0660791,4.586079,5.716079,5.9060793,6.1760793,7.086079,8.996079,10.436079,-6.233921,-9.153921,-16.513922,-12.993921,-11.853921,-10.153921,-8.943921,-8.8339205,-7.5939207,-11.413921,-11.413921,-10.393921,-9.663921,-10.063921,-10.113921,-10.443921,-10.323921,-11.003921,-11.603921,-11.913921,-11.813921,-11.703921,-11.323921,-11.353921,-10.823921,-9.87392,-9.103921,-8.183921,-6.763921,-4.963921,-3.9739208,-4.0539207,-4.423921,-4.8439207,-4.413921
-16.30392,-14.213921,-11.023921,-9.523921,-6.923921,-4.833921,-3.2239208,-1.973921,-0.9639209,-0.4439209,0.3660791,1.0060791,0.9360791,1.5460792,1.9560791,1.406079,2.906079,2.216079,2.5260792,3.7360792,4.056079,3.0560791,4.4260793,4.956079,7.456079,7.8660793,5.966079,-5.8439207,-9.843921,-16.21392,-13.003921,-11.953921,-11.0439205,-9.923921,-7.463921,-6.853921,-9.553921,-12.703921,-11.703921,-10.403921,-9.943921,-10.413921,-11.653921,-11.693921,-11.253921,-10.933921,-10.573921,-10.343921,-9.913921,-9.563921,-9.113921,-7.993921,-6.463921,-5.333921,-4.353921,-4.0939207,-4.483921,-4.813921,-6.183921,-5.293921
-13.663921,-11.483921,-9.903921,-7.793921,-5.543921,-3.343921,-2.103921,-1.333921,-0.24392089,0.6560791,1.0160791,1.2360791,1.7160791,1.8260791,2.156079,0.4060791,1.3260791,0.046079103,1.0760791,1.9760791,1.4260792,1.6460791,0.9160791,2.156079,4.586079,5.796079,6.536079,7.9060793,6.296079,-1.6639209,-8.733921,-10.893921,-14.393921,-14.003921,-11.903921,-10.533921,-9.553921,-8.533921,-7.5739207,-11.973921,-12.053921,-11.243921,-10.003921,-10.393921,-9.963921,-10.263921,-9.853921,-9.403921,-8.743921,-7.8439207,-7.153921,-7.1139207,-6.413921,-6.033921,-5.273921,-4.6139207,-4.273921,-4.8839207,-5.413921,-4.8639207
-11.653921,-10.343921,-6.653921,-3.7339208,-2.803921,-1.1039209,-0.0339209,0.3160791,0.8660791,1.0060791,1.1760792,1.5160791,1.5160791,1.6260791,0.7260791,-1.1939209,0.6760791,0.7060791,-0.123920895,-0.9039209,0.2660791,-1.3839209,0.6960791,2.0360792,4.276079,5.786079,7.1560793,6.6760793,4.086079,1.3860791,0.1960791,-0.3139209,-7.193921,-11.313921,-13.763921,-14.193921,-13.933921,-12.053921,-11.5839205,-11.523921,-10.283921,-10.233921,-12.013921,-12.463921,-11.62392,-10.303921,-9.12392,-7.673921,-6.3439207,-6.923921,-6.5939207,-6.3839207,-6.373921,-5.903921,-5.543921,-4.523921,-3.6739209,-3.7339208,-3.4739208,-3.073921
-6.443921,-4.373921,-2.893921,-1.963921,-1.223921,-0.4139209,0.2060791,1.026079,1.666079,1.5660791,0.9760791,0.5260791,-0.2739209,-1.2839209,-1.6639209,-1.1539209,-1.6139209,-0.5639209,-0.6439209,-0.4939209,-2.043921,-2.063921,0.6160791,2.656079,4.786079,6.1560793,8.576079,10.036079,13.506079,9.246079,1.4860791,-4.443921,-7.873921,-9.273921,-7.693921,-10.223921,-13.763921,-14.733921,-13.903921,-14.343921,-14.013921,-12.613921,-12.063921,-11.363921,-10.803921,-10.423921,-9.193921,-9.593921,-8.713921,-7.043921,-5.763921,-5.3439207,-4.873921,-4.3639207,-3.9239209,-3.7339208,-3.9939208,-3.6839209,-2.773921,-1.6639209
-4.173921,-3.593921,-2.4639208,-1.5639209,-0.1939209,1.3960791,3.096079,5.776079,6.586079,4.606079,1.3160791,-1.1639209,-1.9339209,-3.393921,-3.9339209,-3.4439209,-2.4839208,-0.9839209,-1.3739209,-2.873921,-1.9439209,0.3760791,1.8560791,3.716079,5.956079,7.4460793,8.716079,10.806079,11.816079,12.966079,14.756079,6.486079,0.0060791015,-5.5539207,-9.273921,-11.073921,-12.133921,-10.733921,-12.2939205,-14.533921,-14.493921,-14.013921,-14.163921,-13.283921,-13.113921,-12.353921,-11.153921,-9.903921,-9.283921,-7.8439207,-7.8439207,-6.8239207,-5.193921,-4.163921,-2.873921,-1.8939209,-0.9739209,-0.5239209,-1.3139209,-1.973921
-3.833921,-2.623921,-1.9239209,-0.7339209,0.82607913,2.616079,4.736079,7.106079,8.9560795,4.816079,1.8760791,0.0860791,-3.073921,-4.8039207,-4.8639207,-3.1839209,-2.053921,-3.073921,-3.793921,-1.9439209,0.3360791,2.186079,3.876079,5.256079,6.596079,7.876079,8.816079,8.996079,9.676079,9.676079,11.426079,12.526079,9.846079,-0.5339209,-3.1839209,-3.9139209,-9.113921,-9.973921,-11.663921,-13.62392,-12.313921,-12.673921,-12.713921,-14.913921,-14.263921,-13.663921,-12.403921,-10.733921,-9.443921,-7.963921,-6.903921,-5.503921,-3.4539208,-4.953921,-4.1339207,-2.403921,-0.9639209,0.1560791,-2.823921,-9.263921
-2.603921,-2.2539208,-1.3539209,-0.1439209,1.4860791,4.1560793,4.296079,4.916079,3.9960792,5.496079,5.316079,1.8460791,-0.9539209,-1.6139209,-1.4839209,-2.573921,-1.9939209,-1.2839209,0.0560791,1.3160791,2.7660792,4.536079,4.6160793,4.996079,6.746079,7.276079,8.486079,7.836079,7.6560793,7.486079,7.126079,5.806079,7.246079,9.306079,6.046079,0.0060791015,-7.533921,-6.273921,-8.753921,-11.803921,-13.253921,-14.0839205,-13.693921,-12.573921,-10.173921,-9.813921,-12.093921,-11.953921,-10.12392,-8.343921,-7.273921,-5.6139207,-4.943921,-4.043921,-3.2339208,-2.4139209,-5.273921,-6.173921,-8.713921,-10.533921
-0.4939209,-0.6639209,-0.5339209,0.46607912,0.8660791,3.936079,9.216079,0.9560791,3.206079,-0.7639209,-0.2739209,1.2660791,0.7160791,2.356079,6.246079,7.1960793,7.9460793,8.826079,9.116079,11.796079,12.106079,8.526079,3.376079,4.066079,3.0160792,6.6560793,4.056079,2.706079,4.256079,5.056079,4.316079,4.1560793,1.9560791,0.1760791,1.916079,5.336079,5.586079,-0.9939209,-6.673921,-8.973921,-8.723921,-10.263921,-11.483921,-11.843921,-11.473921,-11.803921,-10.513921,-7.6339207,-7.173921,-7.3039207,-7.103921,-8.253921,-8.743921,-8.863921,-9.093921,-10.233921,-11.243921,-14.023921,-10.993921,-6.3439207
4.4460793,4.286079,4.126079,4.086079,4.666079,6.146079,6.876079,8.186079,9.4560795,9.346079,6.206079,3.8060791,2.216079,3.136079,4.936079,7.036079,7.526079,7.836079,8.596079,9.076079,9.026079,9.536079,8.496079,15.136079,19.62608,13.156079,16.45608,10.306079,5.246079,2.476079,0.9860791,1.9760791,3.2460792,0.5460791,-1.4139209,-2.9739208,-2.383921,-1.9039209,-1.4239209,-2.033921,-5.0739207,-8.533921,-10.783921,-10.8339205,-10.973921,-12.273921,-13.303921,-15.603921,-16.12392,-15.353921,-15.093921,-14.093921,-14.093921,-14.883921,-14.213921,-11.633921,-8.733921,-6.0539207,-3.5039208,-2.033921
4.976079,4.266079,3.9860792,3.856079,4.1760793,4.836079,5.756079,6.1960793,6.436079,6.606079,6.166079,5.356079,4.036079,4.316079,4.736079,5.936079,5.626079,5.6560793,6.206079,8.316079,9.076079,10.646079,11.526079,13.096079,13.746079,13.256079,13.926079,13.786079,13.6660795,10.116079,12.506079,14.646079,5.306079,-1.3539209,-2.2339208,-2.113921,-0.8939209,-0.0639209,-0.3939209,-1.4339209,-2.523921,-3.9439209,-5.123921,-5.493921,-5.3239207,-4.263921,-5.163921,-7.273921,-8.223921,-8.453921,-8.703921,-8.423921,-7.993921,-6.993921,-5.3439207,-4.8439207,-5.3039207,-5.203921,-4.753921,-4.493921
4.776079,4.576079,4.326079,4.146079,4.1960793,4.396079,4.746079,5.276079,5.3660793,5.1360793,5.306079,5.286079,5.326079,5.346079,5.666079,5.826079,5.596079,5.576079,5.736079,7.226079,8.146079,8.636079,9.746079,10.216079,10.776079,10.906079,10.466079,9.936079,9.746079,9.37608,8.996079,8.856079,8.936079,6.1760793,5.036079,3.856079,3.366079,4.206079,1.9860791,-0.2639209,3.936079,5.096079,3.676079,0.0360791,-2.1839209,-3.613921,-4.043921,-4.263921,-4.3039207,-4.483921,-5.223921,-5.923921,-5.773921,-4.673921,-4.493921,-5.1339207,-5.003921,-5.713921,-6.253921,-6.723921
4.716079,4.476079,4.286079,4.1560793,4.186079,4.336079,4.626079,5.086079,5.686079,5.706079,5.626079,5.566079,5.546079,5.6160793,5.846079,5.6560793,5.896079,5.9060793,5.986079,6.606079,6.986079,7.046079,7.086079,8.096079,8.786079,8.926079,9.216079,9.016079,8.806079,8.076079,7.556079,7.126079,6.6360793,6.036079,5.1760793,4.576079,3.5560791,3.396079,1.9560791,2.8060791,2.2560792,7.706079,7.356079,0.5860791,2.0660791,-0.7339209,-0.9639209,1.8960791,4.6960793,5.206079,0.7360791,0.4060791,0.026079101,-0.8739209,-6.223921,-5.783921,-4.3039207,-5.5539207,-7.3039207,-8.133921
