currentwx/850wind.json
{"header": { "discipline":0, "disciplineName":"Meteorological products", "gribEdition":2, "gribLength":80187, "center":7, "centerName":"US National Weather Service - NCEP(WMC)", "subcenter":0, "refTime":"2025-07-28T00:00:00.000Z", "significanceOfRT":1, "significanceOfRTName":"Start of forecast", "productStatus":0, "productStatusName":"Operational products", "productType":1, "productTypeName":"Forecast products", "productDefinitionTemplate":0, "productDefinitionTemplateName":"Analysis/forecast at horizontal level/layer at a point in time", "parameterCategory":2, "parameterCategoryName":"Momentum", "parameterNumber":2, "parameterNumberName":"U-component_of_wind", "parameterUnit":"m.s-1", "genProcessType":2, "genProcessTypeName":"Forecast", "forecastTime":6, "surface1Type":100, "surface1TypeName":"Isobaric surface", "surface1Value":85000.0, "surface2Type":255, "surface2TypeName":"Missing", "surface2Value":0.0, "gridDefinitionTemplate":0, "gridDefinitionTemplateName":"Latitude_Longitude", "numberPoints":65160, "shape":6, "shapeName":"Earth spherical with radius of 6,371,229.0 m", "gridUnits":"degrees", "resolution":48, "winds":"true", "scanMode":0, "nx":360, "ny":181, "basicAngle":0, "lo1":0.0, "la1":90.0, "lo2":359.0, "la2":-90.0, "dx":1.0, "dy":1.0 }, "data":
[rows 52 to 77 of 181, columns 58 to 115 of 360]
0.13205078,0.14205079,-0.38794923,0.63205075,0.9520508,1.2420508,2.0420508,2.8820508,1.6720508,0.9020508,0.122050785,0.11205078,4.232051,1.1020508,2.3420508,1.8820508,0.68205076,-1.5779492,-2.3379493,-3.1979492,-4.247949,0.33205077,1.2020508,1.7920508,-0.48794922,4.0120506,3.6520507,3.732051,2.5720508,0.24205078,-4.637949,-6.127949,-6.8379493,-4.2379494,1.5320507,1.0720508,-0.8879492,-0.30794922,1.1320508,-0.017949218,-2.2179492,-3.6079493,-3.257949,-0.7979492,-3.1979492,-1.8379493,-1.6879492,-3.1579492,-3.0279493,-0.80794924,1.3820508,-2.4579492,0.8620508,0.93205076,-0.86794925,-2.1679492,-2.6079493,0.50205076
0.05205078,1.2320508,-0.5479492,-0.5779492,-0.8279492,-1.0279492,0.19205078,0.2520508,3.232051,9.46205,9.512051,6.042051,2.6820507,2.9520507,0.74205077,3.0020509,1.4320508,-0.42794922,-0.9279492,-0.6479492,-0.9679492,-1.6279492,-4.9479494,-1.2679492,0.56205076,4.0720506,3.6720507,0.21205078,-4.0679493,-5.417949,-6.4679494,-7.327949,-6.497949,-5.347949,-3.7879493,4.6620507,2.8320508,2.3520508,3.8520508,3.3920507,0.5220508,-0.3779492,-1.9079492,0.8920508,1.1420507,-0.8479492,-3.5279493,1.3720508,-2.0279493,-1.0079492,0.55205077,-1.1279492,-0.02794922,1.5620508,0.69205076,-3.7379491,-0.6679492,-0.9279492
-2.9679492,-3.0779493,-2.9379492,-1.3979492,-1.9079492,-2.6179492,-4.667949,-2.507949,-0.35794923,1.9220508,-1.4879493,0.7020508,1.5020508,2.6120508,1.2420508,0.5920508,-2.0479493,0.63205075,0.8320508,1.6120508,0.41205078,-0.9779492,-0.07794922,-0.9079492,2.9420507,-3.2479491,-3.7479491,-0.56794924,-4.667949,-6.9679494,-5.037949,-3.8479493,-3.7979493,-1.7179493,-2.5779493,-1.6679492,-1.0279492,0.2520508,0.69205076,-0.93794924,3.5220509,0.36205077,-2.6979492,-2.1079493,0.10205078,-2.017949,-1.0579492,-0.93794924,1.0020508,-1.3179492,0.2820508,-1.2979492,-4.057949,-2.4079492,-3.4379492,1.2320508,-1.5379492,-3.3179493
-3.7979493,-3.3679492,-1.9679493,-5.477949,-7.4679494,-1.9979492,0.38205078,-0.19794922,-0.5879492,-0.6679492,0.022050781,-0.017949218,0.07205078,-0.5479492,1.3820508,1.3720508,0.30205077,1.8920507,-0.7279492,0.9720508,1.4820508,0.74205077,-0.017949218,-2.7379491,-4.227949,-1.9779493,-2.4579492,-5.577949,-5.247949,-5.7179494,-5.6779494,-5.597949,-5.627949,-6.957949,-6.4279494,-6.1979494,-6.7379494,-5.997949,-6.9679494,-4.887949,-1.2379493,-1.6379492,-1.7879492,-2.257949,-2.0979493,0.5820508,-0.7179492,-2.6379492,-0.36794922,-1.4979492,-3.1579492,-3.6779492,-3.017949,-4.437949,-3.5779493,-3.5879493,-2.757949,-4.4479494
2.0520508,-1.5879493,-5.897949,-7.147949,-5.6579494,-2.7479491,-1.3979492,-0.38794923,-0.23794922,-0.7979492,0.13205078,-0.19794922,0.20205078,0.49205077,0.4320508,1.0620508,2.0320508,0.55205077,2.6220508,0.88205075,2.8120508,1.5220507,-0.39794922,-0.8479492,-1.3079492,-1.0579492,-1.8679492,-5.1079493,-4.9879494,-5.137949,-4.1579494,-5.5679493,-6.077949,-3.6579492,-4.627949,-3.9179492,-3.7979493,-5.2179494,-5.307949,-3.6679492,-5.4479494,-3.7279491,-4.5879493,-2.4679492,-2.8579493,0.68205076,-1.3279492,-1.9079492,1.0620508,1.2920508,-2.1679492,-1.4379492,-0.6479492,-0.07794922,-3.3979492,-3.2379491,-4.1779494,-5.057949
-1.2279493,-3.0679493,-2.0979493,-0.7279492,-0.68794924,-0.81794924,0.49205077,-0.2779492,-0.06794922,2.5020509,-0.2879492,2.3320508,-2.5379493,-0.047949217,2.8220508,2.9520507,2.742051,2.0720508,1.4020507,2.2120507,2.1720507,0.6520508,-0.3779492,-0.9179492,-2.2779493,-1.4379492,-1.6579492,-4.7579494,-2.257949,-4.247949,-4.577949,-7.097949,-5.117949,-4.7379494,-0.42794922,-2.6879492,-4.4079494,-2.507949,-4.847949,-2.1279492,-1.7679492,-4.6779494,-4.7179494,-5.267949,-2.007949,-0.4979492,-2.1779492,-1.7779492,0.26205078,-1.9979492,-3.3079493,-3.4179492,-2.3679492,-1.9579492,-3.757949,-4.3179493,-5.0279493,-5.057949
0.23205078,-0.42794922,-2.2079492,2.9520507,1.0420508,-3.5579493,-3.7879493,1.3120508,0.56205076,3.992051,4.8920507,-0.94794923,-1.7779492,-0.8279492,0.09205078,1.1520507,1.9620508,2.8220508,3.0620508,0.42205077,0.18205078,2.1420507,1.5120507,-0.047949217,-1.1879492,0.27205077,-0.8479492,-2.9179492,-2.3979492,-3.0779493,-7.4879494,-8.107949,-4.5279493,-0.7179492,-2.4679492,-2.6079493,-1.0479492,-2.4779491,-2.517949,-0.5779492,-1.8779492,-1.6379492,-1.6979492,-1.9379492,-0.61794925,-2.1079493,-2.3779492,0.6020508,1.4920508,0.6620508,0.68205076,-0.38794923,-1.5879493,-2.6779492,-2.1979492,-4.3179493,-5.827949,-6.917949
1.7220508,2.232051,-0.9079492,4.8220506,4.0320506,5.042051,3.6120508,4.632051,3.2920508,4.542051,3.7020507,-0.017949218,-0.9179492,-0.5379492,-0.25794923,0.5120508,1.0820508,2.6320508,3.3320508,2.1020508,0.5220508,3.3920507,1.0920508,3.2720509,0.30205077,0.7320508,-1.2079492,-3.0279493,0.29205078,-2.5879493,0.44205078,-1.0079492,-0.13794921,-3.1179492,-0.3179492,-3.1379492,-3.2879493,-0.9179492,-1.9279492,-1.7279493,-2.0979493,0.012050781,-2.0579493,-1.7379493,1.4120507,-2.7979493,-0.9179492,-0.4379492,0.4320508,0.56205076,0.55205077,-1.1579492,-2.7279491,-2.7779493,-3.0379493,-4.707949,-5.147949,-3.8979492
1.1620507,4.232051,5.0520506,4.5720506,11.242051,8.412051,8.652051,5.4920506,2.7120507,1.7220508,0.9220508,0.7920508,-1.0579492,1.3720508,1.3720508,1.8020508,1.2620507,2.1920507,3.5420508,3.2120507,0.55205077,0.8520508,-0.017949218,1.9220508,0.8220508,3.5120509,-0.5179492,-1.1179492,0.8420508,0.8320508,-1.3579493,0.4020508,-0.7079492,0.20205078,1.8920507,-2.4279492,-1.1179492,-1.6079493,1.1720508,-1.9579492,-2.0579493,0.45205078,-3.8679492,-0.5879492,-2.5979493,-2.2279491,-1.0579492,-0.4979492,0.122050785,0.69205076,1.7420508,-0.7979492,-0.55794924,-2.1179492,-2.767949,-4.227949,-2.8079493,-0.69794923
-1.2279493,2.4120507,4.0320506,4.602051,8.972051,3.6320508,0.6420508,0.7020508,3.5720508,-1.5179492,0.07205078,2.0320508,4.7820506,3.3320508,2.4320507,2.5820508,2.7920508,2.982051,2.5020509,1.6620507,-0.9779492,-3.5779493,-2.4579492,0.41205078,0.29205078,2.5020509,0.5120508,-0.16794921,1.0820508,0.87205076,0.16205078,-0.94794923,0.19205078,-1.7679492,-1.1479492,-1.8379493,-1.4179492,1.4620508,1.0420508,2.0020509,-1.7579492,-1.8279492,-0.2779492,-1.5679492,-3.0879493,-0.7879492,-1.3579493,0.17205077,0.30205077,0.5120508,-0.2879492,-0.3479492,-3.0279493,-3.2379491,-0.93794924,-1.7179493,-0.4979492,-0.7979492
2.5920508,-3.517949,2.4620507,5.172051,0.10205078,9.932051,7.1820507,9.862051,3.8720508,-0.08794922,-0.4079492,0.23205078,-0.03794922,1.5120507,1.2320508,1.2620507,4.082051,3.2720509,1.7020508,-1.1279492,-2.9679492,-4.3379493,-5.187949,-4.597949,-6.747949,-1.7279493,-1.4479492,-1.2779492,-0.4379492,0.062050782,1.0320507,0.24205078,0.9520508,-1.0779492,0.42205077,-1.1679492,-1.0079492,0.5920508,0.45205078,1.4620508,0.74205077,1.1020508,-2.267949,-1.6079493,-1.8879492,-0.3779492,-0.5879492,0.42205077,-0.15794922,-0.6579492,-1.0579492,-1.1179492,-4.577949,-1.9079492,-0.5179492,-1.1379492,0.9220508,-1.3479493
-3.1279492,-3.9379492,0.74205077,3.2920508,3.3120508,3.8620508,5.652051,5.562051,1.9920508,1.7720507,-0.11794922,0.39205077,1.8720508,4.9120507,3.8120508,3.8420508,5.672051,3.7620509,1.5020508,-1.3679492,-2.9379492,-3.0579493,-4.0679493,-4.827949,-5.0279493,-6.5879493,-11.28795,-8.66795,-6.057949,-1.2979492,-0.45794922,0.32205078,-0.44794923,0.7020508,-0.5479492,-0.8979492,0.22205079,0.62205076,-0.7179492,1.0220507,1.6020508,-0.7879492,0.19205078,-2.1979492,-0.26794922,0.9220508,-0.24794921,-1.4679493,-1.8379493,-1.5479492,-4.4079494,-2.0779493,-1.6279492,-1.8679492,-2.007949,-1.2079492,0.27205077,-1.4279492
-1.8479493,-0.4979492,-1.5679492,-0.41794923,0.7120508,1.2220508,2.5820508,4.1620507,3.6520507,5.022051,-0.75794923,3.1020508,6.112051,7.1820507,7.4920506,8.952051,8.342051,2.2020507,3.3220508,-0.4379492,-1.5479492,-1.8179492,-2.0779493,-1.7979492,-0.8579492,-2.3879492,0.3120508,-2.3679492,-5.2179494,-3.4779491,-5.1979494,-0.9779492,-1.5979493,-0.99794924,0.5220508,0.03205078,2.6520507,-0.03794922,-0.22794922,0.80205077,2.4320507,-0.24794921,-1.7079492,-0.05794922,0.21205078,-0.7679492,-0.62794924,-1.7279493,-1.0579492,-2.0579493,-0.29794922,-2.3879492,-0.21794921,0.49205077,0.18205078,-0.05794922,-1.0279492,-0.19794922
-0.5179492,-1.5279492,-5.137949,-6.5279493,-5.9079494,-4.7979493,-0.81794924,1.2920508,4.332051,8.00205,8.3820505,8.54205,6.7420506,8.272051,6.542051,6.8220506,5.022051,4.622051,1.8320508,0.8420508,1.0620508,3.0620508,4.0120506,3.5920508,3.4520507,4.4320507,3.5520508,1.9620508,-0.3779492,-2.767949,-3.0979493,-1.6979492,-0.8579492,-2.4879491,-0.16794921,2.0720508,1.8220508,-0.11794922,-0.9679492,0.22205079,0.5320508,-0.4379492,-0.55794924,-1.4579492,0.7620508,-1.4079492,-2.6379492,-0.33794922,-0.44794923,-0.06794922,0.122050785,-0.29794922,-0.74794924,-0.81794924,-0.02794922,0.68205076,0.4620508,1.0220507
0.5120508,3.5120509,3.6520507,2.6720507,1.6920508,1.8820508,3.0020509,4.402051,7.502051,7.8920507,8.42205,9.572051,6.1620507,3.5720508,2.4320507,6.172051,3.8820508,3.5020509,3.0320508,6.0720506,9.852051,10.992051,9.492051,9.622051,10.652051,8.092051,6.9720507,6.812051,5.4920506,3.9520507,1.5320507,0.6520508,-1.1979492,1.9820508,1.9120507,0.94205076,2.9220507,2.3520508,1.0520508,-0.20794922,0.39205077,-0.5479492,-1.1079493,-0.09794922,0.42205077,-1.1579492,-2.2779493,-1.8379493,0.69205076,-0.19794922,0.29205078,1.2320508,1.4120507,1.7820507,2.8020508,2.4520507,1.6220508,2.482051
-0.05794922,0.9220508,0.6020508,1.2520508,2.0920508,2.2120507,2.9020507,4.962051,7.132051,7.2820506,9.222051,8.732051,6.8220506,2.3120508,5.2220507,9.33205,12.75205,18.25205,19.01205,18.33205,19.10205,17.06205,12.362051,11.052051,6.9720507,6.4120507,4.8020506,6.622051,5.7220507,4.862051,4.3920507,4.4720507,2.982051,3.0720508,1.7320508,0.3720508,1.1220508,3.2120507,1.0720508,0.7720508,0.13205078,-0.33794922,-1.7779492,0.36205077,-0.32794923,-0.3779492,0.14205079,-0.9279492,-0.24794921,0.012050781,1.0520508,1.9720508,3.482051,3.7920508,4.1620507,3.0920508,4.902051,3.0520508
1.6320508,0.99205077,-1.2179493,-0.02794922,2.8320508,4.022051,4.902051,7.7620506,8.482051,8.8820505,9.46205,9.50205,9.052051,10.222051,10.312051,11.702051,14.372051,16.212051,18.472052,18.60205,20.06205,17.862051,13.54205,13.472051,10.21205,10.17205,9.642051,8.192051,8.692051,9.552051,7.1620507,5.122051,6.462051,2.6220508,1.6520507,0.50205076,1.7420508,2.8220508,6.882051,2.8420508,3.5320508,-1.1079493,-0.4379492,-0.047949217,-0.047949217,0.74205077,0.3120508,-0.9679492,-0.9279492,-0.5479492,0.5720508,2.3220508,3.9120507,4.312051,3.2120507,4.152051,5.122051,6.3220506
1.2420508,1.9620508,2.1320508,2.0420508,3.0620508,4.102051,5.8220506,6.482051,10.3820505,11.022051,11.932051,10.602051,10.072051,11.692051,11.782051,12.92205,19.552052,15.562051,18.35205,20.77205,20.59205,19.48205,16.862051,12.682051,11.722051,11.442051,11.102051,11.202051,10.182051,10.152051,9.762051,8.982051,8.772051,8.802051,3.4720507,3.0220509,4.0320506,7.562051,4.5720506,3.7020507,5.632051,2.5820508,-1.4579492,0.11205078,-0.2879492,-0.33794922,0.6520508,1.5520508,1.2020508,-0.007949219,0.35205078,1.5920508,4.082051,5.192051,5.082051,6.062051,5.502051,6.062051
-2.517949,-1.8079492,-0.30794922,2.3820508,4.3220506,6.9720507,8.592051,8.412051,10.312051,13.562051,14.122051,13.522051,12.972051,12.092051,12.96205,13.972051,18.302052,15.232051,15.46205,17.51205,15.782051,13.612051,13.602051,12.152051,11.622051,10.742051,11.812051,9.472051,10.142051,12.46205,11.96205,10.122051,9.682051,7.8920507,4.982051,5.7020507,5.2820506,7.852051,6.922051,2.8820508,3.7120507,2.6220508,9.032051,2.1620507,2.482051,0.7920508,2.3520508,-0.18794923,0.24205078,0.20205078,1.7820507,3.1820507,5.772051,3.0620508,4.332051,6.022051,7.3020506,10.052051
-1.4079492,1.0920508,4.0120506,5.5520506,13.742051,16.532051,19.382051,20.06205,21.132051,20.84205,21.622051,19.67205,17.59205,14.412051,12.642051,13.312051,18.032051,16.44205,17.00205,16.31205,14.08205,13.062051,11.192051,10.782051,10.242051,12.33205,9.112051,7.852051,9.522051,9.062051,9.25205,10.012051,10.822051,9.072051,8.202051,8.032051,7.522051,10.122051,8.04205,3.2820508,3.5720508,7.172051,10.1320505,6.6420507,3.6120508,1.0620508,1.3220508,4.582051,5.372051,8.392051,6.9720507,6.7220507,1.3020508,4.232051,8.50205,11.362051,13.782051,15.512051
9.572051,10.272051,13.942051,18.09205,20.32205,21.33205,20.82205,22.27205,23.33205,22.42205,21.99205,20.49205,18.51205,16.09205,14.892051,12.04205,14.372051,12.992051,12.402051,13.372051,14.342051,13.512051,11.3820505,10.682051,8.702051,6.252051,7.4920506,8.692051,9.152051,9.782051,9.602051,11.162051,10.772051,10.702051,10.75205,10.682051,9.072051,11.322051,9.182051,6.042051,8.812051,9.46205,8.67205,12.842051,15.742051,15.032051,12.852051,12.072051,14.182051,14.242051,14.08205,12.83205,14.982051,15.012051,15.652051,15.072051,13.33205,12.912051
17.792051,18.132051,20.862051,21.632051,21.82205,23.66205,25.972052,25.92205,25.612051,24.42205,22.90205,21.66205,19.58205,16.69205,15.782051,14.202051,18.302052,15.702051,15.602051,13.92205,15.322051,14.352051,12.04205,12.00205,12.012051,12.102051,10.04205,10.232051,11.75205,13.112051,14.00205,14.29205,13.79205,13.42205,12.6320505,11.432051,10.642051,11.272051,9.572051,8.272051,7.212051,15.192051,13.762051,10.432051,14.062051,13.842051,13.782051,12.142051,14.04205,18.92205,19.552052,18.26205,17.382051,14.762051,13.21205,11.242051,11.29205,14.022051
21.98205,22.84205,23.462051,24.50205,27.292051,28.93205,28.032051,27.392052,26.642052,25.44205,24.94205,24.01205,24.09205,21.33205,19.792051,16.24205,16.042051,17.122051,16.712051,15.42205,14.722051,15.732051,12.142051,12.372051,14.612051,10.862051,11.222051,11.742051,12.732051,13.25205,12.852051,13.532051,14.192051,14.192051,12.6320505,12.222051,11.762051,12.562051,11.222051,9.532051,9.852051,6.852051,12.162051,11.732051,13.192051,15.532051,12.742051,13.682051,12.3820505,6.582051,7.5320506,14.052051,10.54205,12.8820505,13.942051,15.00205,15.812051,18.382051
20.58205,23.792051,27.08205,28.08205,28.83205,28.33205,27.462051,27.302052,27.09205,26.712051,27.17205,27.33205,27.02205,26.052052,24.782051,21.44205,17.35205,15.552051,16.93205,17.032051,15.742051,15.25205,12.722051,16.68205,12.3820505,11.512051,10.952051,12.272051,12.482051,12.812051,12.67205,13.862051,14.492051,14.1320505,13.492051,13.482051,13.202051,13.112051,12.282051,10.152051,9.952051,11.442051,13.022051,11.482051,13.772051,12.072051,10.92205,11.572051,7.4720507,7.5920506,3.232051,6.382051,3.6220508,4.9720507,13.302051,17.25205,16.41205,13.732051
25.282051,26.41205,27.59205,28.462051,27.40205,26.66205,26.52205,26.84205,26.962051,27.07205,26.362051,25.77205,25.77205,26.01205,25.48205,23.892052,21.462051,16.722052,19.16205,17.92205,18.66205,16.17205,12.892051,16.56205,13.67205,12.402051,11.112051,12.452051,12.592051,13.102051,13.17205,14.622051,15.022051,13.96205,14.122051,14.202051,13.802051,13.242051,12.342051,11.122051,9.052051,13.17205,15.79205,13.862051,14.04205,13.71205,14.262051,12.742051,11.04205,10.8820505,11.742051,14.032051,16.882051,18.962051,16.31205,15.352051,13.162051,14.192051
25.862051,26.802052,27.07205,26.48205,26.27205,26.09205,26.24205,25.74205,24.91205,24.81205,23.552052,23.68205,23.222052,22.41205,22.26205,22.472052,22.09205,17.642052,15.862051,14.662051,16.882051,13.092051,10.862051,14.42205,13.802051,11.912051,11.492051,12.142051,12.612051,12.46205,13.192051,13.58205,13.652051,13.552051,13.08205,14.262051,14.552051,13.492051,12.6320505,11.79205,10.04205,14.062051,12.372051,11.912051,11.04205,9.342051,11.572051,9.482051,10.062051,9.322051,9.182051,11.96205,11.412051,9.442051,10.762051,9.142051,12.972051,15.242051
