images/wind850/850wind_024.json
{"header": { "discipline":0, "disciplineName":"Meteorological products", "gribEdition":2, "gribLength":81445, "center":7, "centerName":"US National Weather Service - NCEP(WMC)", "subcenter":0, "refTime":"2025-08-06T00:00:00.000Z", "significanceOfRT":1, "significanceOfRTName":"Start of forecast", "productStatus":0, "productStatusName":"Operational products", "productType":1, "productTypeName":"Forecast products", "productDefinitionTemplate":0, "productDefinitionTemplateName":"Analysis/forecast at horizontal level/layer at a point in time", "parameterCategory":2, "parameterCategoryName":"Momentum", "parameterNumber":3, "parameterNumberName":"V-component_of_wind", "parameterUnit":"m.s-1", "genProcessType":2, "genProcessTypeName":"Forecast", "forecastTime":24, "surface1Type":100, "surface1TypeName":"Isobaric surface", "surface1Value":85000.0, "surface2Type":255, "surface2TypeName":"Missing", "surface2Value":0.0, "gridDefinitionTemplate":0, "gridDefinitionTemplateName":"Latitude_Longitude", "numberPoints":65160, "shape":6, "shapeName":"Earth spherical with radius of 6,371,229.0 m", "gridUnits":"degrees", "resolution":48, "winds":"true", "scanMode":0, "nx":360, "ny":181, "basicAngle":0, "lo1":0.0, "la1":90.0, "lo2":359.0, "la2":-90.0, "dx":1.0, "dy":1.0 }, "data":
[rows 108 to 134 of 181, columns 295 to 353 of 360]
-0.12479492,-0.57479495,-7.274795,-7.1347947,-6.314795,-3.7847948,-3.0147948,-2.304795,1.4352051,0.9052051,2.5052052,1.0752051,2.0252051,0.055205077,-1.3047949,4.985205,0.07520508,-0.07479492,-0.5547949,0.59520507,0.97520506,-1.1547949,1.5952051,-0.71479493,2.7352052,3.125205,2.645205,0.86520505,-2.434795,-4.324795,-3.324795,-3.624795,-3.364795,-0.16479492,2.135205,2.2352052,2.325205,1.885205,1.515205,-0.29479492,-3.934795,-1.8347949,-0.9947949,-2.064795,-2.704795,-1.2247949,-2.954795,-1.624795,-1.3247949,-1.874795,0.015205078,-0.76479495,0.84520507,1.0652051,0.5252051,1.4452051,0.025205078,0.30520508,1.8352051
-0.6947949,0.22520508,-4.484795,-7.574795,-7.644795,-7.054795,-1.5647949,-5.164795,0.065205075,0.48520508,1.2252051,2.5352051,2.7552052,-1.254795,0.5152051,2.055205,-1.394795,-3.094795,-3.304795,0.66520506,0.72520506,-2.074795,-1.764795,-2.434795,1.385205,3.335205,1.7752051,-0.5547949,-2.9747949,-3.164795,-3.294795,-4.914795,-2.644795,-0.0047949217,1.4652051,1.1852051,-0.34479493,-0.8647949,-0.18479492,1.235205,-0.63479495,1.8252051,-1.5947949,-1.9447949,-0.7547949,-1.4647949,-0.8547949,0.7552051,-2.084795,0.11520508,-3.124795,-0.7947949,-2.114795,-2.4947948,-1.5947949,1.375205,0.7152051,1.4452051,-0.5047949
-1.2247949,-1.0847949,-6.224795,-4.054795,-6.824795,-6.3847947,-2.864795,-4.044795,-1.5347949,-2.134795,-0.4547949,-1.7847949,0.73520505,-1.5247949,0.79520506,3.7552052,4.215205,4.245205,-2.324795,-0.8647949,-4.794795,-0.64479494,-2.814795,-1.494795,1.385205,4.395205,0.34520507,-0.38479492,-2.904795,-1.9547949,-3.324795,-4.834795,-1.9347949,0.54520506,1.7252051,0.61520505,1.015205,0.9452051,-2.0247948,-0.43479493,-2.2347949,2.295205,0.2652051,0.30520508,-1.5647949,-0.04479492,-0.3947949,-0.37479493,1.255205,-0.0047949217,-2.834795,-1.884795,0.24520507,0.8752051,-0.90479493,-0.40479493,-1.0847949,2.0252051,0.43520507
-0.10479492,-3.5147948,-5.624795,-7.224795,-6.014795,-4.304795,-3.794795,-2.344795,-4.224795,-3.434795,-2.904795,-1.8047949,-0.88479495,1.0952051,0.67520505,2.2752051,-0.21479492,3.305205,-2.864795,-0.31479493,-0.7947949,1.375205,1.8052051,0.17520508,3.885205,1.515205,-0.26479492,-0.6647949,-2.344795,-2.334795,-1.1547949,-5.324795,-1.5247949,0.53520507,1.615205,-0.12479492,-0.70479494,-2.0147948,-0.054794922,-2.864795,-2.654795,0.14520508,-0.43479493,0.42520508,0.07520508,-0.14479493,-1.6747949,-0.8047949,1.2952051,0.43520507,0.055205077,-1.744795,-1.4347949,0.30520508,-0.52479494,-1.1947949,1.645205,0.79520506,-0.0147949215
-1.8047949,-3.154795,-4.8847947,-5.694795,-4.554795,-3.854795,-4.454795,-4.474795,-5.064795,-2.624795,-4.854795,-2.324795,-2.7847948,-1.3147949,-0.23479491,-0.90479493,0.25520507,1.605205,4.455205,-1.4747949,0.33520508,1.5552051,-1.4547949,-0.7247949,2.805205,1.5552051,1.1652051,-1.9547949,-2.074795,-2.854795,-1.1547949,-6.064795,-2.2647948,-0.20479493,0.25520507,-1.4447949,-4.414795,-2.364795,-2.324795,-0.5447949,-1.614795,0.39520508,-2.144795,-1.0847949,-1.8047949,-1.764795,-0.8147949,0.86520505,-1.1547949,-0.6747949,-1.0947949,-2.444795,0.07520508,-0.49479493,-1.4647949,-1.2147949,-0.95479494,0.9052051,0.67520505
-1.2147949,-4.524795,-3.7647948,-4.974795,-4.224795,-3.2247949,-4.354795,-7.194795,-6.644795,-3.2247949,-6.764795,-5.124795,-4.1547947,-2.2247949,-1.9647949,-1.7747949,-3.2347949,1.7952051,2.175205,1.4252051,-0.7547949,1.2052051,0.5852051,0.11520508,-0.5647949,-1.364795,-1.7747949,-0.8747949,-2.384795,-2.2547948,-1.264795,-6.954795,-2.294795,-0.3347949,1.2252051,-2.424795,-4.5947948,-1.7847949,-0.9247949,-0.3347949,0.12520508,-1.004795,0.37520507,0.07520508,-0.16479492,-0.17479493,-1.0647949,-0.6747949,-0.37479493,-1.6547949,-1.144795,-1.9247949,1.135205,-3.2747948,-2.294795,-0.13479492,0.40520507,-1.1947949,-0.52479494
-3.924795,-4.664795,-4.5947948,-3.324795,-3.104795,-2.4647949,-4.244795,-6.464795,-7.414795,-4.544795,-5.774795,-7.004795,-4.924795,-2.5347948,-2.454795,0.59520507,-0.20479493,3.655205,4.165205,3.045205,0.3252051,0.9352051,-0.8747949,-2.154795,-2.884795,-2.674795,0.8852051,4.505205,6.875205,3.2252052,-1.884795,-2.914795,-2.7547948,-1.374795,0.45520508,-2.7247949,-3.844795,-2.584795,-0.034794923,-1.854795,-0.31479493,-0.44479492,2.565205,-2.7447948,0.11520508,-0.9147949,0.055205077,-0.9447949,-2.2147949,-0.58479494,-0.7247949,-2.874795,-1.5547949,-1.0347949,-1.604795,-3.174795,-1.124795,-0.07479492,0.6852051
0.66520506,-3.914795,-2.654795,-3.2647948,-0.5447949,-1.744795,-0.7547949,-4.774795,-4.524795,-6.034795,-4.124795,-7.254795,-7.084795,-3.7847948,-6.044795,-2.684795,-1.5847949,-1.6647949,-0.4247949,1.235205,1.5852051,0.10520508,-0.0147949215,-1.2247949,-2.834795,-2.7747948,1.495205,-3.614795,3.175205,4.995205,1.505205,0.12520508,-0.06479492,-0.17479493,-1.2747949,-2.854795,-3.564795,-0.3047949,-2.064795,-3.324795,-1.0747949,-1.634795,1.9752051,-2.164795,1.1652051,1.4652051,-1.8147949,-1.9447949,-0.04479492,-1.134795,-1.5847949,-1.6747949,-3.584795,-3.104795,-3.314795,-2.114795,-2.5047948,-3.094795,-2.5247948
-1.4747949,-2.7147949,-1.8247949,-2.564795,-1.9047949,-1.5347949,-2.184795,-4.244795,-4.214795,-4.694795,-5.6547947,-8.134795,-6.724795,-6.174795,-1.884795,-6.124795,-0.9247949,-3.044795,-1.744795,-0.28479493,1.005205,1.0452051,0.5752051,-5.274795,-2.654795,-3.7547948,-2.144795,-0.6947949,1.4652051,1.9652051,0.73520505,-0.7547949,-3.634795,0.91520506,-0.89479494,-1.354795,-1.5347949,-1.9247949,-3.444795,-0.6747949,-2.144795,0.27520508,2.5152051,0.8052051,-1.244795,1.895205,-0.024794921,-1.9647949,0.7752051,-0.71479493,-2.4647949,-2.174795,-1.2247949,-3.2347949,-2.814795,-3.684795,-3.424795,-2.7147949,-3.064795
-0.6747949,-3.2247949,-2.7647948,-3.854795,-1.6747949,-1.2147949,-2.324795,-3.4847949,-5.1347947,-2.634795,-2.7447948,-4.934795,-5.444795,-7.244795,-6.824795,-3.324795,-5.6147947,-3.884795,-3.404795,-1.134795,0.3852051,-0.6747949,-0.40479493,-2.424795,-1.8447949,-3.364795,-3.324795,-1.734795,-2.4747949,0.42520508,0.6852051,0.8952051,-1.0847949,-1.494795,0.85520506,-1.1547949,-2.144795,-1.6747949,-2.414795,-2.144795,-0.82479495,0.47520506,-0.49479493,0.6952051,-1.6747949,0.20520508,0.40520507,-0.82479495,0.23520508,-1.744795,-2.5047948,-2.0247948,-1.014795,-3.434795,-2.7647948,-0.77479494,-3.074795,-1.9547949,-2.794795
-2.624795,-1.4447949,-1.854795,-1.9747949,-2.5147948,-1.234795,-1.014795,-0.08479492,-3.704795,-3.544795,-2.314795,-1.2747949,-4.104795,-7.104795,-7.544795,-6.944795,-8.044795,-6.474795,-1.0247949,0.23520508,0.42520508,-3.2747948,-3.174795,-1.1947949,-0.8047949,-2.794795,-3.304795,-2.294795,-3.2347949,-2.614795,-1.874795,-1.7747949,-3.2647948,-1.5347949,-0.7247949,0.21520507,-2.134795,-2.544795,-1.5547949,-2.2647948,-2.404795,-0.26479492,-0.8747949,-1.7947949,1.5452051,2.2552052,-1.3347949,-0.9947949,-0.10479492,0.7152051,-2.794795,-1.014795,-3.414795,-3.394795,-3.0047948,-3.594795,-1.8347949,-1.5447949,-1.9047949
-4.514795,-2.7347949,0.9652051,0.34520507,-1.0247949,-1.114795,-0.054794922,-1.1847949,-2.344795,-3.4647949,-3.2447948,-2.9647949,-3.7447948,-5.874795,-9.534795,-7.254795,-4.334795,-6.374795,-3.4847949,-3.814795,-1.984795,-3.5347948,-3.834795,-4.5947948,-4.254795,-2.9847949,-2.154795,-3.2147949,-3.694795,-2.624795,-1.5747949,-2.844795,-1.8447949,0.45520508,-1.254795,-0.15479492,0.035205077,-1.5547949,-2.904795,-2.5147948,-2.044795,-0.51479495,-2.5047948,-1.4347949,2.145205,1.505205,0.9352051,0.47520506,0.43520507,-2.044795,-3.804795,-3.5147948,-3.2347949,-2.184795,-3.9847949,-3.644795,-3.344795,-2.194795,-2.7847948
-1.394795,1.2052051,1.625205,0.45520508,-0.4847949,-0.3347949,-0.08479492,0.31520507,-0.0047949217,-1.124795,-2.414795,-3.894795,-4.8447948,-4.4047947,-8.784795,-5.234795,-8.084795,-6.9047947,-3.104795,-1.5547949,-2.944795,-2.7547948,-4.534795,-4.664795,-4.814795,-3.844795,-3.844795,-3.4747949,-2.924795,-1.3447949,-2.124795,-2.424795,-1.884795,-1.7147949,-1.5747949,-1.104795,-0.7447949,-0.41479492,-1.4047949,-1.1947949,-2.2847948,-0.9447949,-1.624795,-2.634795,-0.37479493,1.5252051,0.47520506,-0.70479494,-1.0247949,-1.0747949,-5.444795,-3.854795,-3.9747949,-4.754795,-4.964795,-5.334795,-5.694795,-3.894795,-4.1347947
1.9052051,4.265205,2.165205,1.0352051,0.49520507,0.9952051,0.8252051,0.6952051,-0.0147949215,-0.71479493,-1.1547949,-3.7247949,-5.9047947,-5.734795,-4.474795,-5.304795,-8.384795,-5.694795,-2.9747949,-4.8447948,-4.924795,-2.9947948,-2.544795,-1.9447949,-2.604795,-5.214795,-3.124795,-1.624795,-1.4047949,-0.9147949,-0.9347949,-1.0947949,-0.5347949,0.5752051,0.2652051,-0.52479494,0.40520507,1.6752051,-1.1747949,-1.1747949,-0.70479494,-1.9447949,-2.184795,-2.184795,-1.6647949,-1.144795,-0.06479492,1.355205,-2.4947948,-3.4847949,-1.9747949,-3.624795,-1.6947949,-3.344795,-4.044795,-4.284795,-4.934795,-5.064795,-5.164795
-0.9947949,2.875205,3.055205,1.625205,2.115205,2.665205,2.325205,1.5752051,0.45520508,-0.3947949,-1.894795,-2.864795,-5.214795,-5.424795,-6.934795,-7.804795,-6.854795,-7.334795,-7.444795,-6.074795,-5.504795,-4.664795,-3.944795,-2.334795,-1.8047949,-3.134795,-3.304795,-1.984795,-2.084795,-1.2147949,-0.70479494,0.8352051,2.555205,2.135205,1.385205,0.66520506,0.73520505,0.85520506,0.97520506,2.335205,1.2152051,-0.83479494,-0.28479493,-1.764795,-2.084795,-1.2747949,-1.9647949,-1.0347949,-2.154795,-2.874795,-2.344795,-1.6647949,-4.984795,-4.694795,-3.794795,-4.604795,-4.3847947,-4.3447948,-3.7747948
3.945205,3.335205,2.675205,2.195205,1.9752051,3.125205,3.345205,3.355205,1.7852051,-0.37479493,-1.144795,-4.474795,-6.6347947,-8.524795,-8.074795,-9.074795,-5.964795,-8.844795,-7.874795,-5.234795,-6.584795,-2.9847949,-1.0447949,-2.134795,-4.044795,-3.604795,-0.76479495,-0.054794922,-0.0147949215,1.145205,1.6552051,1.255205,1.1752051,2.455205,2.405205,2.435205,4.105205,3.895205,3.155205,4.235205,3.565205,3.435205,3.595205,-0.7947949,-2.354795,-4.204795,-2.9647949,-3.434795,-3.164795,-3.834795,-2.694795,0.3552051,-5.8647947,-6.014795,-3.5147948,-5.3847947,-3.954795,-3.634795,-4.1147947
3.165205,3.4952052,1.8152051,1.2152051,1.3252051,0.7052051,1.365205,2.555205,2.7852051,1.995205,0.14520508,-2.924795,-7.264795,-7.974795,-8.004795,-7.714795,-9.034795,-9.284795,-8.214795,-7.074795,-7.564795,-1.8247949,0.5052051,-0.43479493,-3.384795,-6.6547947,-3.9747949,-1.4547949,-0.7347949,2.675205,2.7252052,1.2252051,0.6252051,0.6352051,0.97520506,2.125205,3.5052052,4.535205,3.865205,3.825205,3.865205,5.185205,6.755205,4.945205,3.065205,-3.954795,-6.674795,-6.304795,-5.544795,-5.074795,-5.354795,-3.664795,-2.5047948,-2.574795,-4.1347947,-3.594795,-4.194795,-3.834795,-2.2247949
5.3652053,4.775205,4.295205,5.215205,4.8452053,3.7852051,3.435205,1.5552051,1.245205,1.855205,0.3552051,-1.7947949,-5.954795,-7.084795,-6.8647947,-7.6347947,-9.164795,-8.1047945,-8.274795,-8.574795,-4.914795,-0.32479492,0.8252051,-2.7147949,-1.9247949,-6.934795,-4.6347947,-2.4947948,-1.9647949,2.815205,0.8152051,1.1552051,0.85520506,2.545205,3.7252052,3.375205,3.7752051,4.0952053,3.395205,3.7552052,3.595205,5.265205,5.915205,6.415205,5.575205,3.5352051,1.1652051,-6.894795,-8.114795,-7.294795,-6.354795,-6.1147947,-5.244795,-4.264795,-4.084795,-3.634795,-4.5947948,-4.504795,-2.934795
6.6152053,7.755205,5.925205,5.245205,2.455205,3.2352052,2.125205,1.4152051,0.035205077,-1.6547949,-0.09479492,-0.40479493,-4.894795,-8.324795,-10.894794,-10.074795,-8.774795,-8.004795,-7.944795,-8.454795,-2.164795,0.31520507,-1.3247949,-4.804795,-4.674795,-2.544795,-3.424795,-3.924795,-0.08479492,-1.884795,-1.5447949,1.9052051,1.5852051,4.755205,4.425205,2.565205,4.475205,7.1552052,6.355205,3.795205,3.875205,3.0252051,3.655205,5.285205,5.855205,6.575205,2.625205,6.0952053,-1.104795,-6.804795,-11.164795,-7.254795,-5.564795,-5.564795,-5.914795,-5.224795,-4.984795,-4.744795,-4.984795
5.3652053,7.355205,8.495205,6.775205,5.695205,4.765205,3.2452052,2.815205,2.095205,-2.584795,-1.874795,-3.794795,-3.2847948,-7.124795,-10.384795,-9.614795,-9.514795,-9.114795,-8.634795,-10.834795,-4.624795,-0.26479492,-2.354795,-5.554795,-6.744795,-5.1347947,-3.7747948,-1.2947949,-2.384795,-2.7747948,-1.4447949,0.095205076,1.3252051,3.7752051,3.665205,3.055205,4.445205,5.415205,2.695205,1.645205,2.4952052,6.455205,4.565205,3.595205,5.215205,4.935205,6.215205,5.245205,4.875205,3.575205,2.7652051,-7.064795,-10.444795,-9.954795,-6.564795,-5.6347947,-5.314795,-4.984795,-4.6547947
3.7652051,4.045205,6.825205,7.815205,8.205205,6.225205,5.645205,5.485205,3.105205,-0.8147949,-3.324795,-4.734795,-6.264795,-5.704795,-7.544795,-7.834795,-8.744795,-10.384795,-7.324795,-14.584795,-7.354795,-2.074795,-2.454795,-6.334795,-5.374795,-6.924795,-3.404795,-2.844795,-2.814795,-2.654795,-1.2047949,0.9552051,3.645205,3.075205,0.6552051,2.865205,2.945205,3.7852051,3.065205,0.7052051,3.675205,5.275205,7.1152053,7.815205,3.5252051,1.9252051,4.215205,5.515205,6.975205,6.315205,6.1352053,5.455205,7.215205,1.505205,-4.624795,-7.984795,-9.844795,-8.254795,-5.974795
8.785205,11.025205,6.415205,4.295205,6.6552052,7.1152053,5.735205,2.365205,2.585205,0.67520505,-1.734795,-6.244795,-5.284795,-7.0947948,-6.544795,-7.3647947,-7.9047947,-7.944795,-9.634795,-14.504795,-9.944795,-2.664795,-1.2147949,-6.814795,-7.434795,-4.9047947,-2.7347949,-3.314795,-4.584795,-2.794795,-0.27479494,1.145205,1.3352051,1.0852051,0.055205077,1.9052051,3.615205,3.165205,2.7152052,2.675205,4.275205,3.455205,5.205205,4.735205,4.555205,4.335205,1.9152051,4.175205,7.735205,4.3452053,3.045205,3.2552052,3.7752051,5.995205,6.295205,3.925205,2.315205,-1.614795,-1.2947949
11.605206,10.815205,7.925205,10.165205,10.705205,10.125205,7.9052052,3.065205,-0.20479493,1.0652051,-0.44479492,-4.524795,-6.754795,-6.434795,-6.774795,-6.8847947,-10.724795,-7.694795,-9.614795,-15.074795,-11.1047945,-4.854795,-6.6147947,-4.224795,-7.584795,-4.3447948,-1.7047949,-3.9747949,-3.0247948,-0.5047949,-0.13479492,-0.3947949,-0.0047949217,1.9152051,0.37520507,1.3052051,1.8452051,3.7252052,3.855205,2.845205,4.195205,4.205205,4.025205,2.855205,5.1352053,3.9752052,3.655205,4.285205,3.9952052,4.695205,2.655205,3.665205,3.925205,3.195205,3.565205,3.585205,4.035205,6.225205,4.795205
10.565205,10.975205,10.665205,11.945205,13.275205,11.685205,10.635205,7.695205,0.15520507,-0.7247949,-1.614795,-1.6547949,-3.904795,-7.184795,-5.934795,-5.0947948,-9.084795,-8.614795,-12.984795,-17.964794,-11.664795,-4.194795,-10.084795,-8.364795,-7.934795,-5.4047947,-0.6647949,-4.8647947,-3.404795,-2.5347948,-1.8147949,-0.5047949,1.115205,3.0252051,1.8152051,2.5252051,2.345205,2.405205,4.225205,4.015205,1.9752051,4.605205,2.905205,3.425205,2.895205,4.175205,4.465205,4.1152053,3.945205,3.695205,4.1152053,5.395205,3.865205,2.375205,2.135205,2.145205,3.655205,4.445205,3.0252051
8.205205,10.055205,11.155205,13.275205,13.595205,11.665205,10.965205,10.265205,5.645205,1.365205,-1.124795,-3.174795,-1.1947949,-3.704795,-5.374795,-4.784795,-5.284795,-14.304795,-9.914795,-10.904795,-6.3847947,-5.824795,-8.934795,-10.374795,-6.584795,-4.664795,-5.124795,-3.854795,-3.884795,-3.174795,-4.694795,-2.144795,-1.2047949,1.515205,1.235205,1.4352051,1.5352051,2.2252052,2.425205,3.125205,2.835205,4.215205,2.9752052,4.605205,5.625205,3.5252051,3.665205,4.175205,3.825205,4.285205,4.6552052,4.335205,2.125205,2.625205,3.135205,2.7652051,4.285205,4.325205,3.635205
6.985205,8.615205,10.445205,14.015205,15.495205,11.505205,8.715205,9.855206,7.915205,5.0952053,2.445205,-1.0947949,-3.7447948,-2.634795,-2.894795,-7.474795,-6.6547947,-11.864795,-10.874795,-14.014795,-12.334795,-8.684795,-6.3447948,-8.004795,-6.854795,-6.514795,-5.534795,-6.444795,-3.914795,-2.804795,-1.874795,-1.884795,-1.3147949,0.5252051,0.8752051,1.1952051,1.495205,1.865205,2.4652052,2.7252052,2.9952052,2.135205,2.625205,2.2552052,2.7552052,2.185205,3.7352052,4.435205,4.765205,2.655205,3.835205,3.555205,3.7352052,2.405205,2.315205,1.875205,2.885205,2.435205,2.605205
5.455205,7.675205,9.185205,11.975205,14.585205,15.015205,10.315205,9.855206,7.1552052,6.445205,7.995205,3.2652051,-1.6547949,-3.814795,-5.714795,-10.754795,-6.854795,-8.644794,-9.704795,-16.374794,-12.6047945,-10.444795,-8.004795,-5.244795,-4.834795,-6.1347947,-4.314795,-1.6547949,-5.304795,-3.684795,-1.384795,-0.71479493,-1.8047949,0.005205078,1.255205,0.9552051,2.9752052,2.675205,3.145205,4.105205,3.085205,3.635205,2.2852051,1.9652051,0.9952051,1.2252051,1.1552051,2.065205,4.685205,3.105205,2.2252052,2.365205,3.295205,4.815205,4.565205,3.5352051,3.625205,3.065205,3.105205
