images/wind850/850wind_012.json
{"header": { "discipline":0, "disciplineName":"Meteorological products", "gribEdition":2, "gribLength":79862, "center":7, "centerName":"US National Weather Service - NCEP(WMC)", "subcenter":0, "refTime":"2025-08-06T00:00:00.000Z", "significanceOfRT":1, "significanceOfRTName":"Start of forecast", "productStatus":0, "productStatusName":"Operational products", "productType":1, "productTypeName":"Forecast products", "productDefinitionTemplate":0, "productDefinitionTemplateName":"Analysis/forecast at horizontal level/layer at a point in time", "parameterCategory":2, "parameterCategoryName":"Momentum", "parameterNumber":2, "parameterNumberName":"U-component_of_wind", "parameterUnit":"m.s-1", "genProcessType":2, "genProcessTypeName":"Forecast", "forecastTime":12, "surface1Type":100, "surface1TypeName":"Isobaric surface", "surface1Value":85000.0, "surface2Type":255, "surface2TypeName":"Missing", "surface2Value":0.0, "gridDefinitionTemplate":0, "gridDefinitionTemplateName":"Latitude_Longitude", "numberPoints":65160, "shape":6, "shapeName":"Earth spherical with radius of 6,371,229.0 m", "gridUnits":"degrees", "resolution":48, "winds":"true", "scanMode":0, "nx":360, "ny":181, "basicAngle":0, "lo1":0.0, "la1":90.0, "lo2":359.0, "la2":-90.0, "dx":1.0, "dy":1.0 }, "data":
[rows 130 to 155 of 181, columns 177 to 235 of 360]
-1.7607031,-1.2307031,-1.7907032,-3.590703,-3.8907032,-6.170703,-3.820703,-4.840703,-3.8707032,-4.2507033,-3.050703,-3.730703,-4.030703,-4.050703,-2.8907032,-2.4407032,-2.010703,-1.5807031,-0.7807031,-1.5107031,-1.9607031,-1.7607031,-2.250703,0.08929688,-1.6707032,-1.6707032,-0.40070313,-0.14070313,0.10929687,-0.46070313,0.42929688,1.5592968,1.4692969,1.4892969,2.239297,3.229297,4.929297,5.259297,7.929297,11.199297,16.599297,19.889297,18.399298,16.299297,17.179296,16.929296,17.239296,16.869297,16.409296,17.059298,16.799297,16.909296,16.179296,15.619297,15.439297,14.669297,14.789297,14.609297,13.999297
-0.33070314,-1.3307031,-2.230703,-3.040703,-2.780703,-3.4207032,-3.2207031,-3.260703,-2.3507032,-2.780703,-2.4407032,-2.780703,-2.9607031,-2.4007032,-1.4907031,-0.8707031,-0.49070314,-0.050703123,0.43929687,1.0992969,0.6292969,0.27929688,0.25929686,0.099296875,-0.19070312,-0.7407031,-1.1107031,-2.080703,-0.41070312,0.13929687,0.20929688,-0.16070312,0.45929688,0.27929688,1.2892969,2.769297,3.2992969,5.109297,4.679297,7.489297,9.809297,11.099297,15.559297,15.749297,14.9292965,14.489297,15.229297,15.629297,15.599297,15.489297,15.519297,15.189297,15.009296,15.299297,14.639297,14.699297,14.639297,14.629297,14.489297
0.08929688,-1.7107031,-1.1607032,-2.3807032,-1.8107032,-1.3407031,-1.2107031,-1.0807031,-0.9907031,-1.2707031,-1.4707031,-1.0607032,-1.4507031,-1.0707031,-0.49070314,-0.28070313,0.54929686,0.39929688,0.45929688,0.21929687,0.8192969,1.2792969,1.2492969,1.7292969,1.6892968,1.0392969,-0.5007031,1.0792968,-0.3607031,-1.6707032,0.5892969,0.2992969,0.17929688,0.36929688,-0.19070312,1.5192969,1.9892969,2.449297,1.5192969,1.4992969,7.829297,7.599297,11.1792965,13.799297,11.889297,12.969296,12.829297,13.229297,14.019297,14.319297,14.009296,13.309297,13.539297,13.599297,13.939297,14.439297,14.819297,15.039297,14.829297
0.5092969,-0.46070313,-0.63070315,-0.13070312,-0.21070312,-0.18070312,-0.5907031,-0.5407031,-0.24070312,-0.3607031,0.53929687,0.73929685,1.4192969,0.98929685,1.0492969,0.5692969,0.13929687,0.46929687,0.7492969,1.0892968,1.5192969,1.9692969,2.0292969,2.1192968,1.9892969,2.0892968,1.6892968,1.7592969,-0.09070312,1.8592969,0.53929687,0.15929687,1.2392969,0.43929687,-0.09070312,0.49929687,0.5892969,2.409297,0.9992969,-0.35070312,0.37929687,4.4992967,5.9792967,8.589297,9.539297,8.609297,10.449297,11.059297,12.149297,13.519297,13.489297,13.9292965,12.829297,14.629297,14.579297,14.909297,14.989297,14.839297,15.039297
0.20929688,-0.38070312,-0.22070312,0.019296875,-0.41070312,-0.22070312,-0.6707031,-0.7807031,-0.10070313,0.17929688,1.1892968,2.3092968,3.169297,2.5492969,1.9692969,1.5392969,1.0592968,0.7792969,1.2292969,1.1592969,1.2192969,2.0492969,2.699297,3.159297,3.689297,4.039297,3.669297,3.5592968,2.659297,2.3292968,1.2592969,2.209297,0.5792969,0.6392969,0.31929687,0.10929687,-0.5007031,-1.2007031,-0.7907031,-3.750703,-2.990703,-2.2207031,3.439297,7.359297,8.659297,8.999297,10.029297,10.549297,10.949297,11.709297,11.789297,13.259296,14.439297,14.049297,13.639297,14.649297,15.519297,14.859297,15.579297
0.16929688,0.6892969,1.1892968,1.4392968,1.4492968,1.3892969,1.2592969,0.33929688,1.1492969,1.4592968,1.7192969,2.169297,3.189297,2.759297,2.449297,3.159297,3.1392968,2.8792968,3.6392968,3.1192968,3.1292968,3.3392968,3.159297,3.3992968,3.3192968,3.7892969,3.709297,3.769297,3.1392968,3.0292969,3.3392968,2.7992969,2.1492968,3.0292969,0.2992969,0.7592969,-0.21070312,-1.3407031,-1.6707032,-1.6007031,-4.360703,-6.760703,-9.390703,-3.580703,-0.95070314,4.9992967,7.379297,8.659297,9.789297,11.1792965,11.969296,13.109297,13.949297,15.199297,15.199297,14.979297,15.919297,14.979297,16.879297
-0.21070312,-0.41070312,-0.15070313,0.049296875,0.009296875,0.13929687,-0.19070312,0.099296875,-0.23070313,1.4392968,1.7492969,2.0692968,2.8692968,2.8192968,2.659297,2.749297,3.5392969,3.6192968,4.4592967,5.069297,4.639297,4.319297,4.4392967,3.919297,3.8292968,2.3692968,2.0592968,2.439297,2.5292969,2.7892969,2.3392968,3.3292968,3.3792968,3.1292968,2.179297,1.6092969,0.23929687,0.11929688,-1.5207031,-2.4307032,-2.3907032,-2.6307032,-4.930703,-6.070703,-5.700703,-5.140703,1.3592969,6.4192967,7.219297,9.949297,12.259296,11.919297,13.879297,12.089297,11.889297,12.539297,14.119297,15.359297,16.399298
2.6192968,1.6192969,1.0092969,0.44929686,0.2992969,-0.030703126,-0.050703123,-0.47070312,0.12929687,0.019296875,1.5192969,2.159297,2.689297,3.2792969,3.499297,4.2092967,4.589297,4.4992967,4.389297,4.9392967,3.969297,4.699297,5.039297,4.049297,2.919297,3.0792968,3.3092968,2.719297,2.949297,1.4792969,1.8792969,1.7392969,1.3792969,0.059296876,0.7492969,1.5892968,2.439297,0.8392969,0.28929687,-0.9107031,-3.2007031,-2.9707031,-1.6007031,-0.44070312,-2.4507031,-1.8707031,-1.7307031,-2.250703,1.0992969,4.4592967,4.569297,6.469297,8.349297,8.479297,10.599297,12.039297,14.139297,16.179296,16.919296
7.089297,6.5192966,5.929297,6.079297,5.599297,5.079297,4.259297,3.479297,3.3992968,3.159297,3.769297,4.9592967,5.839297,6.059297,5.279297,5.4392967,5.329297,5.5192966,5.699297,5.2692966,5.349297,4.9792967,4.139297,3.6192968,3.239297,2.8592968,1.0092969,0.099296875,-0.29070312,0.33929688,0.8292969,0.9692969,0.9592969,1.5892968,2.239297,1.8892969,2.159297,2.1492968,1.6592969,0.73929685,-0.010703125,-0.8507031,-2.520703,-1.9107032,-0.09070312,0.6992969,3.1192968,4.1892967,4.909297,5.1492968,5.839297,6.4592967,7.6892967,10.049297,10.619297,13.039297,14.209297,17.999296,21.349297
12.269297,12.139297,11.729297,11.329297,11.519297,10.9292965,10.549297,9.809297,9.629297,9.459297,9.439297,9.569297,9.229297,8.939297,7.869297,7.279297,6.8992968,7.079297,6.9592967,6.559297,5.9592967,5.4192967,4.529297,4.349297,3.3292968,1.6992968,2.759297,2.5292969,2.6392968,1.9892969,2.3692968,3.3192968,3.239297,3.189297,2.7892969,2.6392968,2.759297,2.449297,2.989297,2.909297,2.8492968,1.9392968,1.3692969,0.7092969,0.15929687,0.20929688,1.0892968,2.0592968,4.7292967,6.009297,5.9992967,12.809297,14.039297,13.979297,15.169297,16.369297,19.109297,21.899298,23.169296
14.959297,17.739296,17.099297,17.149298,17.009296,16.669296,16.219297,16.089296,15.699297,15.229297,15.369297,15.109297,13.479297,11.229297,10.379297,9.499297,8.899297,8.309297,8.049297,7.3992968,7.139297,6.659297,6.299297,5.4792967,4.129297,5.199297,5.349297,4.799297,5.549297,6.9592967,5.039297,5.029297,3.929297,3.3292968,3.6292968,3.999297,3.2892969,2.8992968,2.6492968,3.1092968,3.269297,3.909297,4.4592967,4.2492967,4.069297,4.099297,4.119297,3.5792968,5.069297,5.6492968,6.5192966,8.409297,9.479297,11.349297,18.109297,18.569298,17.959297,17.919296,18.829296
12.939297,16.029297,19.109297,21.429296,22.209297,22.199297,21.759296,21.669296,21.539297,21.079296,18.859297,17.479298,15.259296,13.479297,12.419297,11.419297,10.869297,10.359297,8.869297,9.149297,9.319297,8.849297,8.329297,6.559297,7.4792967,8.839297,8.239297,7.0192966,8.209297,6.799297,6.069297,5.2692966,5.049297,4.429297,4.199297,3.989297,3.489297,4.2292967,3.8992968,3.749297,4.449297,5.609297,6.049297,6.609297,6.969297,7.879297,8.639297,8.259296,8.019297,7.849297,8.739297,9.619297,8.939297,10.689297,12.249297,17.239296,16.159296,14.189297,11.159297
13.759296,13.519297,16.329296,17.389297,19.459297,20.639297,21.359297,21.199297,20.459297,19.429296,17.979298,15.879297,14.539297,13.339297,12.159297,12.249297,12.159297,11.799297,10.339297,9.949297,9.939297,10.099297,9.829297,8.619297,8.129297,7.4992967,6.799297,6.639297,6.9992967,7.139297,7.139297,6.9592967,6.889297,5.859297,5.369297,4.509297,4.529297,4.559297,4.489297,5.289297,5.719297,5.119297,6.089297,6.889297,8.979297,10.749297,11.959297,11.6792965,11.979297,12.149297,12.279297,11.949297,11.499297,11.949297,10.9292965,13.159297,17.059298,14.329297,11.559297
16.959297,16.799297,15.719296,14.469296,15.759296,17.889297,17.709297,16.009296,15.099297,15.399297,15.819297,15.339297,13.899297,13.699297,13.009296,13.739297,14.029297,13.599297,13.319297,11.139297,11.459297,11.609297,10.819297,9.909297,9.379297,8.669297,8.859297,8.529297,9.519297,8.309297,8.279297,8.479297,8.069297,8.329297,6.559297,5.219297,4.819297,4.659297,4.309297,4.239297,5.299297,5.429297,6.4392967,7.529297,8.339297,9.6792965,10.629297,11.769297,13.169297,14.059297,14.509296,15.1792965,15.129297,14.119297,14.099297,11.229297,11.549297,17.699297,16.639297
21.909296,20.259296,19.249296,18.279297,17.239296,15.659297,15.629297,16.009296,16.999296,17.919296,17.759296,16.829296,15.129297,15.829297,14.849297,14.779297,13.869297,14.129297,14.449297,14.519297,12.709297,13.039297,12.269297,11.649297,11.409297,11.249297,13.569297,13.209297,12.119297,9.959297,10.1792965,10.279297,10.039297,8.229297,7.199297,7.219297,6.659297,8.089297,8.249297,9.129297,9.559297,9.699297,10.839297,10.809297,11.409297,11.859297,12.459297,13.189297,14.129297,14.949297,15.349297,16.329296,17.009296,17.359297,16.869297,15.509296,13.629297,14.069297,15.219296
23.879297,25.029297,22.449297,21.689297,20.939297,21.919296,22.279297,21.819298,20.919296,20.339296,18.999296,18.039297,16.049297,17.339296,15.649297,15.439297,15.779297,15.539297,15.099297,14.919297,14.579297,14.399297,13.989297,13.389297,13.249297,12.699297,13.129297,11.309297,12.989297,11.149297,10.9292965,10.499297,8.319297,8.109297,9.899297,10.659297,12.299297,11.589297,13.319297,12.459297,10.589297,9.859297,11.499297,12.019297,12.919297,13.759296,15.189297,16.679296,17.159296,17.079296,16.999296,17.789297,18.409296,19.559298,19.309298,18.869297,17.859297,17.359297,16.499296
25.529297,23.309298,26.289297,25.159296,24.249296,23.959297,24.059298,24.359297,24.389297,22.619297,21.099297,19.119297,18.259296,15.649297,16.549297,17.659296,17.849297,17.769297,18.259296,16.469297,15.709297,15.779297,15.949297,15.559297,15.129297,14.599297,14.439297,13.059297,13.1792965,13.209297,11.379297,9.949297,10.619297,12.439297,13.789297,13.259296,12.089297,11.079297,10.989297,10.629297,10.209297,10.999297,11.889297,12.479297,13.019297,14.109297,14.889297,16.309298,15.739297,16.629297,18.049297,18.769297,20.039297,19.749296,20.439297,21.229298,21.049297,20.449297,19.119297
25.769297,28.809298,26.969297,29.059298,26.879297,25.829296,25.899298,22.619297,22.429296,23.169296,22.779297,19.649298,18.709297,18.439297,19.899298,20.209297,20.289297,18.979298,18.139297,17.109297,17.069298,17.289297,17.239296,17.479298,17.249296,17.169296,17.189297,15.769297,14.889297,13.999297,12.979297,13.759296,15.049297,15.129297,12.739297,13.389297,13.629297,13.349297,11.959297,12.329297,12.619297,13.199297,14.099297,14.819297,15.749297,16.279297,17.329296,17.159296,17.879297,18.949297,19.739296,20.069298,20.259296,20.039297,19.869297,19.429296,21.249296,21.979298,21.399298
27.679296,27.289297,27.219297,27.119297,27.169296,26.369297,26.579296,25.029297,19.799297,16.619297,16.219297,16.589296,18.909296,21.379297,22.839296,22.589296,21.309298,20.959297,20.489296,20.349297,19.869297,19.179296,18.519297,19.279297,19.119297,19.729298,20.509296,17.749296,16.309298,15.449297,15.939297,16.889297,16.669296,16.119297,14.449297,14.479297,13.539297,13.609297,14.419297,14.189297,15.629297,16.389297,17.249296,18.439297,18.809298,19.249296,19.459297,18.759296,19.789297,19.499296,19.739296,20.089296,20.099297,16.089296,19.629297,19.479298,19.789297,20.499296,21.369297
24.909296,24.719297,27.549297,27.649298,26.189297,28.139297,26.799297,25.379297,25.199297,24.629297,25.389297,25.419296,26.619297,27.439297,27.179296,26.539297,25.289297,24.499296,25.079296,24.329296,24.399298,22.029297,23.529297,22.849297,22.099297,21.879297,22.879297,21.739296,19.109297,17.979298,18.549297,18.829296,18.539297,15.579297,14.449297,14.519297,15.119297,15.529297,16.419296,17.149298,18.239296,18.799297,19.349297,19.569298,20.699297,20.359297,20.959297,20.689297,20.289297,19.879297,19.719297,19.449297,19.659296,19.439297,15.639297,16.789297,17.319298,18.049297,17.969297
23.059298,21.499296,23.629297,27.059298,28.019297,28.869297,28.859297,27.079296,27.399298,27.439297,26.999296,26.459297,25.739296,25.119297,25.309298,26.549297,28.539297,28.029297,29.369297,28.889297,27.359297,26.439297,26.279297,24.269297,26.509296,24.459297,25.519297,23.119297,21.379297,20.389297,20.339296,17.459297,15.329297,15.209297,15.639297,15.869297,16.489296,16.979298,18.319298,18.719297,19.259296,19.469297,19.949297,20.939297,21.489296,21.249296,21.759296,21.219297,21.169296,20.299297,20.509296,20.209297,19.529297,20.079296,19.249296,18.369297,16.379297,17.049297,16.519297
20.979298,22.729298,23.949297,26.209297,28.089296,29.319298,27.389297,27.699297,26.539297,27.909296,30.309298,29.819298,29.999296,30.619297,31.389297,31.779297,31.859297,31.259296,30.909296,32.099297,30.499296,29.559298,27.489296,27.599297,27.979298,26.619297,25.359297,23.449297,22.109297,21.419296,16.239296,15.1792965,15.339297,15.459297,15.759296,16.989296,18.069298,18.589296,19.249296,19.149298,18.609297,19.619297,19.729298,20.119297,19.959297,21.139297,21.179296,20.699297,21.549297,21.829296,21.749296,21.259296,20.609297,20.269297,19.499296,19.559298,18.129297,17.669296,17.389297
21.359297,22.459297,22.219297,22.969297,24.439297,25.679296,25.579296,25.999296,28.159296,27.239296,30.509296,31.059298,32.739296,32.099297,31.169296,31.849297,31.919296,31.219297,29.789297,31.299297,32.3393,31.889297,32.119297,29.679296,29.019297,25.549297,22.639297,20.759296,19.329296,14.369297,16.929296,16.409296,16.759296,18.199297,18.399298,18.199297,19.069298,18.599297,18.579296,18.599297,17.879297,17.639297,17.939297,20.219297,19.489296,20.469297,20.969297,21.589296,22.059298,22.029297,22.099297,22.149298,22.029297,21.189297,19.589296,18.299297,17.909296,19.859297,16.569298
19.559298,19.549297,20.399298,21.409296,22.009296,22.119297,23.179296,24.079296,25.509296,26.039297,26.849297,27.439297,28.289297,28.779297,28.579296,27.829296,28.889297,28.519297,28.419296,29.469297,30.579296,32.6093,31.929296,25.519297,22.849297,18.939297,18.269297,15.629297,15.6792965,16.769297,15.999297,16.519297,16.799297,17.239296,17.619297,17.689297,17.439297,16.929296,16.319298,15.809297,16.849297,16.379297,16.079296,17.739296,21.409296,23.109297,22.759296,22.859297,23.189297,24.129297,24.049297,22.949297,21.819298,20.869297,19.799297,18.389297,17.829296,16.209297,15.129297
19.959297,20.989296,21.839296,23.149298,24.329296,25.169296,25.859297,26.549297,26.749296,27.499296,28.229298,28.829296,28.509296,26.669296,26.029297,26.969297,27.499296,26.099297,24.509296,23.759296,25.179296,23.659296,21.089296,14.319297,12.719296,12.649297,14.749297,14.629297,13.259296,13.849297,14.169297,14.749297,15.639297,16.449297,15.719296,15.469296,16.049297,15.229297,16.079296,15.839297,15.249297,15.549297,17.629297,17.749296,21.249296,22.489296,22.639297,23.249296,23.549297,23.809298,21.369297,22.179296,20.029297,18.399298,17.379297,16.019297,15.759296,17.279297,13.439297
19.249296,19.979298,20.179296,18.629297,18.769297,19.729298,20.019297,20.729298,21.319298,21.489296,22.319298,21.129297,22.289297,23.579296,22.989296,21.979298,21.319298,19.769297,16.129297,11.449297,8.709297,10.379297,10.629297,10.299297,12.559297,11.9292965,10.529297,10.739297,10.979297,12.099297,13.329297,13.809297,13.849297,13.939297,13.259296,13.769297,13.889297,13.889297,14.569297,14.619297,14.629297,14.959297,16.189297,15.709297,17.109297,19.029297,19.709297,19.789297,20.579296,16.519297,16.599297,15.609297,15.269297,14.919297,14.489297,13.739297,12.719296,14.249297,14.729297
