images/wind850/850wind_024.json
{"header": { "discipline":0, "disciplineName":"Meteorological products", "gribEdition":2, "gribLength":80270, "center":7, "centerName":"US National Weather Service - NCEP(WMC)", "subcenter":0, "refTime":"2025-08-06T00:00:00.000Z", "significanceOfRT":1, "significanceOfRTName":"Start of forecast", "productStatus":0, "productStatusName":"Operational products", "productType":1, "productTypeName":"Forecast products", "productDefinitionTemplate":0, "productDefinitionTemplateName":"Analysis/forecast at horizontal level/layer at a point in time", "parameterCategory":2, "parameterCategoryName":"Momentum", "parameterNumber":2, "parameterNumberName":"U-component_of_wind", "parameterUnit":"m.s-1", "genProcessType":2, "genProcessTypeName":"Forecast", "forecastTime":24, "surface1Type":100, "surface1TypeName":"Isobaric surface", "surface1Value":85000.0, "surface2Type":255, "surface2TypeName":"Missing", "surface2Value":0.0, "gridDefinitionTemplate":0, "gridDefinitionTemplateName":"Latitude_Longitude", "numberPoints":65160, "shape":6, "shapeName":"Earth spherical with radius of 6,371,229.0 m", "gridUnits":"degrees", "resolution":48, "winds":"true", "scanMode":0, "nx":360, "ny":181, "basicAngle":0, "lo1":0.0, "la1":90.0, "lo2":359.0, "la2":-90.0, "dx":1.0, "dy":1.0 }, "data":
[rows 75 to 99 of 181, columns 58 to 115 of 360]
10.533765,9.263764,8.523765,9.343764,10.663765,11.293765,10.663765,10.793765,9.693765,8.343764,7.4737644,7.743765,8.123765,6.1437645,4.2937646,2.4137647,2.9437647,3.7037647,3.7537646,2.6137648,1.5537647,3.6037645,1.1537646,0.23376465,0.52376467,1.1937647,2.3237646,2.9437647,2.4537647,1.6637646,1.6737647,2.4637647,4.3537645,4.073765,5.5837646,5.4037647,6.8537645,7.013765,6.013765,5.303765,5.7037644,5.613765,3.9537647,5.033765,0.9537647,0.65376467,0.90376467,1.4037646,-0.08623535,1.6837647,2.2937646,1.9937646,3.8237646,3.9937646,2.3537645,3.0537646,2.6537647,1.8537647
10.343764,10.6437645,10.823765,12.353765,14.103765,13.793765,12.903765,12.043765,10.133764,9.293765,8.293765,8.093764,7.823765,4.6237645,3.9037647,2.9737647,2.7837646,4.7037644,6.0837646,5.4737644,4.013765,4.6537647,3.6537647,3.0537646,3.9437647,2.4737647,3.8637648,4.033765,2.9837646,3.8737648,2.1837647,2.3637648,3.8737648,3.8537645,5.1437645,5.743765,5.7337646,5.533765,4.323765,5.3337646,4.7337646,7.9137645,5.4037647,3.1737647,4.2037644,5.3137646,3.6837647,0.52376467,0.55376464,2.8937647,6.0837646,7.7537646,5.593765,4.9737644,4.073765,3.6337647,3.3537645,2.2737646
12.093764,12.113765,13.283765,13.373765,13.993765,13.713764,13.783765,12.603765,10.733765,9.223764,9.333765,8.193765,8.303764,5.7537646,4.323765,2.9037647,1.9237647,4.073765,4.9337645,3.8037646,4.3537645,3.9537647,2.8737648,3.5337646,3.8537645,4.1537647,4.3737645,5.363765,3.9637647,3.3337646,2.2037647,1.6137646,2.1837647,3.2337646,3.7137647,5.1437645,5.7537646,4.513765,3.5637646,4.7937646,4.3137646,7.4537644,1.3237647,4.1637645,5.113765,4.4337645,1.9237647,2.1637647,3.0837646,5.2137647,6.7337646,7.743765,4.8137646,5.8937645,5.1537647,4.4337645,3.7037647,2.5937645
15.1437645,15.383764,14.733765,16.113764,15.183764,14.953765,14.543765,13.693765,12.293765,10.533765,9.853765,9.033765,8.123765,7.593765,7.0237646,4.8837647,2.5637646,4.2337646,3.6737647,7.2137647,7.5437646,5.053765,4.803765,3.8337646,3.6137648,4.3337646,4.823765,3.5237646,3.2337646,2.5337646,1.5637647,1.6837647,2.6937647,2.8737648,3.1137648,3.4537647,3.9437647,3.3937647,3.1437647,2.3737648,3.5137646,6.5037646,3.8437645,4.1037645,4.7537646,5.3937645,0.41376466,1.3237647,6.743765,4.9737644,4.553765,0.60376465,4.863765,7.113765,5.9537644,5.073765,4.2937646,3.3237646
16.933765,16.063765,17.093765,15.473764,15.283765,14.753765,14.253765,13.473764,13.103765,12.553764,10.793765,10.213764,8.863765,7.493765,7.4337645,7.2737646,6.6637645,4.093765,5.613765,1.8637646,3.9137647,0.38376465,2.7137647,5.9837646,4.2937646,4.6637645,5.2037644,4.8737645,3.3837647,2.6937647,1.4037646,1.7837646,2.1937647,2.5837646,2.4537647,2.7537646,2.8437645,3.3237646,3.0437646,2.8537645,4.013765,4.803765,4.4337645,4.553765,4.7537646,4.303765,6.1537647,3.2337646,5.5637646,5.743765,6.4537644,7.283765,7.7237644,6.993765,6.1537647,5.1737647,4.1037645,3.4837646
16.443764,17.363764,16.063765,15.063765,14.533765,14.003765,13.433764,13.013764,12.443765,11.693765,10.933764,9.563765,9.273765,7.3737645,6.8937645,7.053765,8.313765,7.9237647,6.5637646,4.863765,0.87376463,6.763765,4.113765,2.5337646,3.2837646,3.6437647,3.9337647,6.2737646,6.573765,2.8037646,2.1737647,2.4337647,2.9437647,3.3737648,2.8437645,3.0537646,3.0537646,3.1437647,2.9137647,3.4037647,4.513765,4.263765,3.1137648,2.9337647,4.863765,3.1537647,4.3837647,4.033765,4.5837646,3.6737647,5.1737647,6.1837645,6.9137645,6.2737646,5.4537644,4.4337645,3.8537645,3.5337646
17.993765,16.783764,15.783765,15.283765,13.693765,11.803764,10.833765,11.973764,11.793765,11.883764,10.673764,10.283765,9.563765,8.483765,7.343765,8.633764,8.133764,9.223764,9.003765,9.663765,2.7437646,3.2137647,5.0637646,3.5437646,3.6937647,5.613765,3.4637647,4.033765,3.9637647,3.8237646,4.1237645,3.8637648,3.5337646,4.8837647,4.5237646,4.343765,4.4737644,4.7537646,3.6737647,3.9437647,5.2037644,6.6537647,4.0637646,2.0437646,1.7337646,2.2737646,2.8737648,4.5637646,4.8937645,4.4637647,4.1037645,4.7537646,5.113765,4.993765,4.013765,3.7237647,2.9637647,3.9637647
17.613764,16.943764,15.933764,15.073765,12.883764,11.863765,11.003765,11.303764,10.533765,10.943765,10.283765,9.483765,9.583765,9.113765,9.053764,8.493765,8.3937645,9.053764,9.833765,12.623765,6.7137647,3.5137646,8.433764,10.253765,11.543765,8.913765,5.3537645,4.3337646,3.6237648,4.5037646,5.4137645,6.1737647,6.4737644,6.3837647,6.2937646,6.9037647,7.1737647,7.263765,5.3837647,3.6437647,2.5737646,5.9137645,5.493765,4.1637645,2.9437647,1.9137646,2.1637647,3.1837647,2.1737647,2.5937645,3.8837647,4.3737645,4.8137646,4.343765,3.7837646,2.9837646,2.9237647,3.3037646
16.623764,15.923764,14.613765,13.433764,11.973764,11.613765,10.433764,10.623765,10.253765,10.743765,10.313765,8.823765,8.343764,8.653765,8.063765,8.603765,8.773765,9.633764,10.343764,12.003765,14.533765,13.553764,12.543765,2.9937646,-1.1262354,3.8437645,6.013765,7.6237645,5.2937646,5.6037645,7.1437645,8.163765,9.123765,7.9637647,8.053764,7.5837646,10.233765,8.273765,5.8737645,3.0237646,1.7437646,-0.70623535,-0.89623535,0.6937646,3.4537647,0.5837647,-0.42623535,-0.58623534,1.6937647,2.2637646,3.3437645,2.3737648,2.7337646,2.5537646,2.1737647,2.0337646,2.4937646,4.243765
14.553764,14.3937645,13.123765,11.843764,11.023765,10.363765,9.883764,10.513764,10.093764,9.733765,9.823765,8.083765,7.8337646,7.8837647,8.633764,7.9037647,9.303764,10.963764,10.823765,12.043765,13.703765,13.243765,12.813765,15.473764,15.433764,12.513764,9.433764,10.273765,7.2137647,8.963764,8.763764,11.963764,13.453765,12.683764,11.043765,11.173764,7.6737647,8.243765,6.7137647,-0.50623536,-2.2662354,-3.3362353,-1.0662353,1.0637647,0.03376465,-1.7262354,0.45376465,1.1537646,1.4937646,2.0837646,2.3837647,2.3337646,1.3437647,1.3637646,0.8837646,2.0937645,3.1037645,3.6837647
12.353765,11.973764,11.773765,10.883764,10.053764,9.713764,8.773765,9.153765,9.293765,8.803764,8.903765,9.023765,8.233765,8.073765,8.173764,9.463764,9.503765,10.563765,11.683764,11.533765,12.863765,12.813765,13.733765,15.063765,15.873765,16.243765,15.233765,13.473764,12.223764,8.933764,13.883764,14.283765,14.953765,14.023765,10.6437645,10.483765,7.613765,6.243765,1.0037646,-1.1462353,-3.5262353,-3.1362352,-2.4162354,-1.3562354,-1.4662354,-0.31623536,0.39376464,1.5737647,1.4437647,3.4137647,4.4737644,3.2937646,2.6937647,1.6537646,2.6837647,3.7137647,3.1437647,3.0637646
10.353765,9.593764,10.443765,10.033765,8.963764,8.863765,8.213764,7.8737645,7.8737645,7.093765,7.5237646,7.9537644,7.323765,7.3137646,7.7937646,8.503765,8.793765,9.523765,10.833765,12.633764,12.383764,12.583765,13.963764,14.093764,14.6437645,14.863765,14.223764,14.233765,13.473764,12.083765,16.703764,15.723764,14.073765,12.953765,11.803764,10.373765,7.8137646,5.513765,3.3837647,0.5837647,-1.7962353,-1.4962354,-2.9062355,-0.97623533,0.44376466,0.71376467,1.2837646,1.9337647,4.013765,5.0037646,3.7537646,3.7837646,3.1037645,0.98376465,0.5137646,1.5137646,2.6537647,0.81376463
9.103765,9.233765,9.833765,9.433764,8.133764,7.1237645,7.4837646,7.7737646,7.533765,5.8137646,6.3537645,6.2037644,5.8937645,6.9037647,7.803765,8.083765,8.403765,9.373765,10.193765,10.803764,12.363765,12.803764,12.303764,14.073765,14.343764,14.363765,14.093764,13.863765,13.103765,12.373765,14.223764,14.313765,13.603765,13.003765,10.663765,9.753765,8.473764,6.8937645,4.9337645,2.9637647,1.9337647,0.31376466,-1.8662354,-1.1562353,-1.2262354,-0.50623536,0.27376464,-0.016235352,0.08376465,0.90376467,0.6937646,0.42376465,0.07376465,-1.2162354,1.2937646,2.9637647,3.5437646,0.66376466
7.823765,8.513764,8.683764,8.923764,8.463764,6.743765,6.2737646,6.4437647,6.4637647,5.0637646,5.533765,5.4837646,5.9637647,6.9037647,8.093764,7.993765,7.9837646,8.653765,10.503765,10.663765,11.623765,12.253765,12.493765,12.943765,13.213764,14.423764,13.953765,13.223764,13.333765,12.813765,13.383764,14.193765,13.723764,12.023765,11.313765,9.383764,8.263764,6.323765,4.053765,3.4037647,1.7937646,1.6537646,0.17376465,-0.90623534,-3.0662353,-1.6062354,-1.2662354,-2.3162353,-2.3762352,-2.5562353,-2.6062353,-2.0562353,-0.39623535,-0.08623535,0.11376465,2.9537647,2.0037646,0.78376466
7.4437647,7.9537644,8.813765,8.8937645,7.803765,7.513765,5.2537646,6.5637646,5.783765,4.7537646,4.2937646,5.2937646,5.9037647,6.283765,7.743765,7.6337647,7.8537645,8.843764,9.943765,10.653765,10.883764,11.583765,13.073765,12.973764,13.603765,13.753765,14.003765,13.163765,13.373765,12.273765,13.003765,14.543765,14.563765,13.073765,11.313765,10.823765,8.433764,4.8137646,4.073765,3.4337647,2.8537645,2.0337646,0.16376466,-1.4362353,-2.7162354,-1.8062353,-2.1362352,-2.5162354,-4.2662354,-4.5862355,-4.406235,-2.7362354,-1.1662353,-1.0962354,0.06376465,1.1737647,0.40376464,0.37376463
6.7137647,7.6637645,8.413765,8.963764,7.4637647,6.6737647,4.9137645,5.1337647,2.6737647,3.3537645,3.3037646,4.3537645,4.8337646,5.763765,6.2537646,7.3837647,6.573765,7.4537644,8.703765,10.303764,11.223764,11.683764,12.563765,12.293765,12.923764,13.243765,12.663765,11.623765,11.463764,11.883764,15.363765,14.093764,13.1437645,12.063765,10.043765,11.073765,7.763765,7.1537647,3.9437647,3.8537645,2.2937646,1.4937646,0.9437646,-0.32623535,-2.1362352,-1.8462354,-2.6962354,-4.1862354,-4.906235,-5.2662354,-4.4362354,-4.1062355,-2.0362353,-1.8862354,-1.2962353,-0.7362354,-0.05623535,0.5137646
3.9437647,5.5637646,7.1837645,8.083765,7.513765,6.6637645,5.4037647,3.7137647,3.2937646,2.7737646,3.4937646,3.7437646,4.113765,4.8137646,5.6637645,6.2537646,6.8837647,7.4737644,8.363765,9.693765,10.563765,11.223764,12.123765,11.933764,13.313765,11.213764,11.623765,12.043765,11.193765,12.6437645,13.753765,11.493765,10.183764,10.063765,10.023765,9.353765,6.593765,5.053765,3.6037645,2.7337646,1.9837646,1.0337646,0.80376464,-1.0962354,-2.1862354,-2.7362354,-3.1762354,-4.4962354,-4.8962355,-5.0962353,-5.9162354,-5.196235,-4.5762353,-3.3462353,-3.3362353,-2.1862354,-1.3962353,-0.71623534
2.5037646,3.9837646,4.6837645,6.2237644,6.5837646,5.7337646,4.5237646,2.8837647,2.9937646,2.6637647,2.9637647,4.1037645,3.5237646,4.3937645,5.1237645,5.8537645,7.323765,7.4437647,8.313765,9.013764,10.513764,10.773765,11.963764,11.833765,11.623765,12.333765,13.733765,12.363765,12.383764,12.603765,10.773765,10.073765,12.1437645,10.593764,9.843764,9.423764,6.9137645,6.5037646,3.6737647,2.6437647,2.0937645,0.81376463,0.53376466,0.043764647,-1.7262354,-2.2862353,-3.3662353,-3.7162354,-4.946235,-5.5862355,-6.1862354,-6.0562353,-4.7862353,-4.8662353,-3.5862353,-3.1062353,-2.3462353,-1.5262353
2.1737647,3.0337646,3.7937646,4.4737644,5.0637646,4.8737645,3.8337646,2.7437646,2.3337646,1.9837646,2.2737646,3.0437646,3.4737647,3.8237646,4.3737645,5.1437645,6.8137646,7.4337645,8.243765,8.743765,9.823765,9.543765,10.653765,10.693765,10.443765,10.693765,10.353765,9.053764,5.1537647,4.3737645,4.9137645,5.0637646,6.7337646,7.323765,7.863765,5.803765,5.533765,5.8737645,3.7737646,2.7637646,2.0137646,0.79376465,0.61376464,0.62376463,0.48376465,-0.90623534,-2.2862353,-3.5462353,-4.406235,-4.8362355,-6.196235,-6.446235,-6.8362355,-5.0962353,-3.8262353,-3.3862352,-3.2262354,-2.1862354
0.87376463,2.9337647,3.7537646,3.0837646,3.4537647,2.6737647,2.1237648,1.4637647,0.9537647,1.0837647,1.7137647,2.1737647,2.7637646,3.3237646,4.0837646,4.7337646,5.8137646,6.0837646,7.0637646,7.6037645,8.003765,8.583765,8.313765,8.413765,6.863765,5.9737644,7.073765,6.4437647,6.6737647,6.5037646,5.783765,6.2137647,7.7737646,8.283765,7.1537647,6.7037644,5.4437647,4.4437647,3.3637648,1.7837646,1.7137647,0.71376467,-0.046235353,-0.5462353,-0.006235352,0.78376466,-0.70623535,-2.4562354,-4.176235,-4.7262354,-5.466235,-5.196235,-5.7062354,-5.0862355,-4.6862354,-4.0762353,-3.7762353,-3.2562354
-0.28623536,2.2537646,3.3837647,4.2137647,1.5937647,1.1237646,0.42376465,0.07376465,-0.89623535,0.7537646,0.85376465,1.1037647,1.8237647,3.1537647,2.8937647,4.1737647,4.7937646,5.1437645,5.4637647,5.283765,7.113765,7.9537644,6.093765,6.3737645,7.7037644,9.513764,8.003765,7.6037645,7.0437646,6.6737647,6.3337646,5.743765,8.1437645,7.0037646,7.5437646,8.363765,5.9137645,4.1237645,2.7437646,1.9037646,1.5637647,0.48376465,-0.39623535,-1.4662354,-1.3062353,-1.8562354,-0.7462354,-1.4662354,-3.2362354,-3.2962353,-4.6162353,-4.6462355,-3.6562355,-4.7862353,-5.716235,-4.946235,-4.426235,-5.2862353
-2.3862352,-0.106235355,5.1537647,3.6437647,0.84376466,-1.4962354,-1.8662354,-1.9762354,-1.9262353,-0.41623536,0.41376466,0.34376466,0.53376466,1.1337646,2.0237646,1.7837646,3.1337647,4.2737646,4.7137647,4.343765,5.8537645,6.803765,8.253765,8.073765,7.4337645,7.823765,7.4837646,7.7137647,6.4637647,5.5437646,4.9337645,6.2137647,6.243765,7.093765,7.093765,5.9037647,4.9137645,3.9837646,2.3937647,1.1437646,1.0637647,0.47376466,-0.94623536,-1.5962354,-1.4862354,-1.8762354,-3.0262353,-3.2162354,-2.4562354,-2.8062353,-3.1162353,-4.216235,-3.3562353,-4.0762353,-4.006235,-4.1062355,-4.716235,-4.926235
-5.2462354,-4.256235,-2.7362354,-2.7562354,-2.5762353,-3.8362353,-3.7362354,-3.6262352,-2.9462354,-1.4362353,-1.5062354,-0.52623534,0.30376464,-0.29623535,0.8237646,1.6237646,2.0537646,3.6437647,4.1537647,4.4137645,4.763765,4.593765,5.4437647,5.4737644,6.1037645,6.2537646,4.0037646,3.9337647,4.053765,3.6337647,5.0237646,5.2037644,5.573765,6.1237645,6.4337645,5.2937646,4.3537645,2.6037645,1.5437646,0.77376467,0.14376464,0.19376464,-0.6762354,-0.90623534,-1.8862354,-2.6862354,-3.5562353,-4.2762356,-2.9062355,-0.8662354,-1.4762354,-2.3362353,-1.1662353,-1.3062353,-2.0562353,-2.9662354,-2.6462355,-2.9262354
-8.536236,-13.966235,-12.896235,-12.636235,-10.596235,-7.1462355,-6.1162353,-5.8562355,-3.5462353,-2.9262354,-2.9562354,-2.3762352,-1.4362353,-0.9862354,-0.8562353,0.19376464,1.7637646,2.0737646,2.6337647,2.6537647,2.1737647,2.3837647,1.7137647,1.6337646,1.7837646,1.0737647,1.6537646,2.3437645,3.5937645,4.0237646,4.263765,4.9437647,5.6537647,5.7537646,5.263765,4.2737646,3.5837646,2.1137648,1.0737647,0.49376464,-0.15623535,-0.6062353,-1.7762353,-0.95623535,-1.8862354,-2.5562353,-3.5162354,-3.4762354,-4.3762355,-4.676235,-4.9162354,-4.8562355,-4.0162354,-2.4862354,-2.9562354,-0.70623535,-1.0862354,-1.0062354
-11.536236,-13.346235,-15.516235,-14.976235,-12.956235,-10.566236,-10.766235,-7.2462354,-5.6862354,-5.9162354,-4.9362354,-4.5662355,-3.4962354,-3.1762354,-1.3262353,-0.20623535,-1.6262354,1.0237646,2.3637648,2.5337646,2.0237646,0.66376466,-0.42623535,-0.52623534,-0.7962353,0.42376465,1.7837646,4.1337647,2.8237646,3.9837646,4.073765,4.3837647,5.3937645,4.7137647,4.243765,3.9137647,3.0337646,2.0137646,1.6037647,0.77376467,0.07376465,-0.50623536,-0.49623534,-1.6062354,-2.2462354,-3.0462353,-4.756235,-4.386235,-5.4562354,-6.6462355,-5.6462355,-5.3962355,-4.906235,-5.3062353,-5.0862355,-5.0462356,-5.136235,-4.656235
