images/wind850/850wind_006.json
{"header": { "discipline":0, "disciplineName":"Meteorological products", "gribEdition":2, "gribLength":79784, "center":7, "centerName":"US National Weather Service - NCEP(WMC)", "subcenter":0, "refTime":"2025-08-06T00:00:00.000Z", "significanceOfRT":1, "significanceOfRTName":"Start of forecast", "productStatus":0, "productStatusName":"Operational products", "productType":1, "productTypeName":"Forecast products", "productDefinitionTemplate":0, "productDefinitionTemplateName":"Analysis/forecast at horizontal level/layer at a point in time", "parameterCategory":2, "parameterCategoryName":"Momentum", "parameterNumber":2, "parameterNumberName":"U-component_of_wind", "parameterUnit":"m.s-1", "genProcessType":2, "genProcessTypeName":"Forecast", "forecastTime":6, "surface1Type":100, "surface1TypeName":"Isobaric surface", "surface1Value":85000.0, "surface2Type":255, "surface2TypeName":"Missing", "surface2Value":0.0, "gridDefinitionTemplate":0, "gridDefinitionTemplateName":"Latitude_Longitude", "numberPoints":65160, "shape":6, "shapeName":"Earth spherical with radius of 6,371,229.0 m", "gridUnits":"degrees", "resolution":48, "winds":"true", "scanMode":0, "nx":360, "ny":181, "basicAngle":0, "lo1":0.0, "la1":90.0, "lo2":359.0, "la2":-90.0, "dx":1.0, "dy":1.0 }, "data":
[rows 52 to 77 of 181, columns 58 to 115 of 360]
-0.7322168,2.2077832,1.2577832,0.007783203,-0.5922168,-1.4822168,0.5077832,0.2477832,0.7177832,-2.7322168,1.9977832,0.7277832,3.8777833,0.4977832,1.8977832,2.2777832,-0.072216794,-0.9522168,-2.5922167,-2.7822168,-4.232217,-3.172217,-1.8722168,0.1977832,1.6177832,0.8677832,-1.1622168,-1.3222167,-1.9822168,0.4477832,0.5177832,-2.1922169,-3.6022167,4.557783,-3.0822167,3.1977832,0.7577832,-0.1722168,-0.9522168,0.7977832,-1.5022168,-0.3022168,-1.7622168,-1.8322167,-2.3322167,-2.5522168,-6.1422167,-6.6022167,-2.8822167,-3.9822168,-1.3322167,-0.1722168,-3.5122168,-0.5722168,-1.8722168,-2.652217,-1.2522168,-0.55221677
-2.0722167,-1.9122168,5.7377834,1.0577832,0.047783203,-1.0022168,0.4277832,2.8677833,4.367783,6.8777833,5.907783,3.9077833,1.8977832,2.5577831,0.9077832,2.7377832,1.3577832,1.0777832,-0.4522168,-0.5122168,-0.9522168,-0.3722168,-1.7622168,-2.8422167,3.3977833,-2.1922169,-1.9422168,0.7877832,-1.1922168,0.7677832,0.4077832,-0.4322168,-0.102216795,-5.032217,-0.2822168,1.8977832,2.7877831,4.657783,5.617783,-1.5722167,-1.4622169,0.1877832,0.5077832,-2.7222168,-0.2622168,-1.9422168,-3.1922169,-4.9122167,-3.6422167,-1.9022168,-3.1422167,-4.342217,-2.3822167,-4.6822166,-2.6222167,-1.7022167,-1.6722168,-3.9722168
-1.7022167,1.2277832,-4.792217,0.4377832,-0.5922168,-2.6322167,-0.6322168,3.2777832,0.0577832,1.2277832,-2.7022169,0.5677832,1.7977833,2.2977831,2.1077833,0.9377832,-2.1222167,1.1577832,0.5477832,1.8577832,0.12778321,-0.4222168,0.4777832,-0.23221679,1.4377832,-2.0322168,-2.152217,-0.8522168,-2.4422169,-1.4222168,-1.1022168,0.7277832,5.727783,-1.2722168,-2.3522167,0.3477832,-1.2522168,1.2677832,-0.1922168,-1.5022168,3.0577831,1.6777833,-1.3522168,-4.732217,-0.6822168,-2.2822168,-0.5222168,-1.5222168,-4.6222167,-1.7222168,-4.482217,-5.672217,-2.0222168,-4.8922167,-8.542217,-6.1822166,-3.5322168,-3.3322167
0.6577832,-6.4922166,-3.912217,-5.962217,-7.4522166,-1.4722168,0.9777832,0.3177832,0.6577832,0.7777832,0.107783206,-0.7422168,-0.1622168,-1.3422168,0.6077832,1.1077832,0.7177832,1.5377831,-0.8422168,1.0077832,1.8977832,-0.0322168,-2.432217,-3.2722168,-5.3722167,-3.7722168,-4.092217,-1.3122168,0.5477832,0.7977832,0.6077832,5.657783,5.8577833,5.4377832,4.227783,2.2077832,2.4177833,1.5877832,0.4477832,-2.4822168,-1.9322168,0.077783205,-2.2222168,-2.0822167,-2.7822168,-0.1222168,-1.5222168,-1.1822168,-2.5122168,-3.1122167,-2.7522168,-2.1222167,-4.8922167,-1.2622168,-6.402217,-5.592217,-3.5222168,-1.5422168
-7.572217,-1.1522168,-7.862217,-8.202217,-5.9322166,-2.8922167,-2.2122169,-1.0922168,-0.102216795,-0.3722168,0.107783206,-0.1722168,-0.2522168,-3.412217,0.0577832,0.8877832,1.6377832,1.3777832,2.0477831,1.0477833,3.2477832,2.4277833,1.3877832,-2.682217,-2.5122168,-3.7922168,-0.1822168,-0.3022168,6.4877834,6.0677834,4.0677834,4.887783,1.6677833,4.0477834,4.3577833,2.9477832,0.4277832,-0.9522168,0.8177832,0.2177832,1.3077832,-2.0522168,-1.6722168,-1.3922168,-1.6222168,0.4577832,-2.0022168,-0.2522168,0.2977832,-1.3222167,-1.2522168,-0.6422168,-1.8922168,-3.6922169,-1.9922168,-4.692217,-2.3322167,0.4977832
-0.44221678,-5.232217,-2.2422168,1.4477832,-0.5922168,-0.9722168,1.0077832,1.8777832,0.4077832,2.3077831,-1.4622169,-1.6822168,-3.8322167,-2.672217,1.9277833,0.3277832,2.5477831,2.1877832,1.5677832,2.3777833,3.597783,0.9877832,3.2577832,0.2277832,-3.0822167,2.1677833,0.8977832,0.8477832,2.587783,6.8377833,5.1477833,4.6877832,3.087783,1.5577832,2.3777833,3.1777833,2.2677832,-1.9622169,-2.0322168,-0.2422168,-2.3622167,-0.2822168,-1.1022168,-1.6122168,-1.2622168,-1.5122168,-1.7722168,-0.6222168,-3.2622168,-5.2022166,-2.6322167,-1.0622168,0.0977832,2.7677832,1.0877832,2.0177832,0.8077832,0.6177832
-1.6222168,-0.072216794,-2.5622168,5.5277834,1.2277832,-0.44221678,-2.402217,0.8777832,1.6377832,5.4177833,4.947783,-2.5022168,-3.182217,-2.6922169,-1.1622168,1.6977832,1.0377831,1.6777833,2.1977832,1.1677833,1.1777833,2.4577832,2.8077831,4.9877834,2.3577833,1.7377832,1.0377831,0.2877832,3.847783,0.12778321,2.4177833,-1.0622168,3.6577833,0.2877832,0.4277832,2.1877832,0.047783203,0.1977832,-1.7122169,-0.80221677,-0.6022168,-0.3722168,-1.4922168,-0.5922168,0.3277832,-1.8422168,-1.6922168,-2.4522169,-1.5222168,-1.7222168,-1.0422168,-0.9222168,-0.1322168,1.5277832,0.06778321,-0.44221678,-0.23221679,1.6577832
4.8177834,4.197783,1.4777832,5.537783,7.767783,9.397783,6.6877832,6.7377834,4.137783,3.2177832,3.6077833,-0.2122168,-2.3422167,0.6177832,0.1777832,1.3377832,2.5477831,2.9477832,3.7077832,1.8177832,-0.102216795,1.2877831,1.9077832,-0.3122168,1.9177833,2.0577831,2.2477832,1.4977832,3.5377831,2.9077833,0.5477832,1.3477832,0.077783205,1.0577832,0.3877832,-0.6222168,0.1777832,0.5977832,1.0177832,-0.4022168,-1.4022168,0.30778322,-2.0322168,-1.3822168,-0.6822168,-1.8022168,-5.0122166,-2.4722168,-3.6422167,-2.402217,-4.4722166,-3.682217,-1.6122168,-2.3322167,-2.0222168,-1.3622168,-0.8622168,-2.1422167
4.947783,4.537783,3.5177832,2.3777833,9.747784,9.167783,12.127783,7.137783,4.6677833,3.6977832,0.8877832,1.7477832,-0.2222168,2.8577833,2.2377832,2.077783,2.5377831,3.2877831,3.7477832,5.6277833,7.637783,-0.1822168,-0.2522168,-1.2722168,1.6377832,1.6277832,-0.2822168,0.8877832,1.8977832,1.0777832,-0.9022168,-1.4322168,-0.5322168,-0.9322168,1.2277832,-1.8322167,-0.2522168,-1.9222168,1.4677832,-0.9522168,-2.1222167,0.5477832,-1.7722168,-1.3722168,-2.5922167,-2.2722168,-1.6622168,-4.042217,-1.6022168,-2.6022167,-2.2122169,-2.7922168,-0.44221678,-2.4722168,-1.6922168,-1.2222168,-1.3222167,-2.172217
-1.5122168,5.077783,1.5777832,3.1877832,3.2177832,3.9877832,2.1677833,-0.1622168,2.9577832,-1.1422168,1.4277833,1.8977832,5.6477833,4.117783,3.2877831,3.5277832,3.5177832,3.6377833,3.8977833,4.6877832,7.2977834,9.007783,7.0277834,-1.5622168,0.6377832,2.4377832,2.077783,0.8177832,0.7177832,-0.23221679,1.7177832,-1.7522168,1.9777832,1.0577832,-0.9622168,-0.9622168,-2.2422168,1.4077832,2.0377831,1.7577832,-1.5822167,-1.8422168,0.2477832,-1.0022168,-2.3422167,-1.4622169,0.2877832,-1.6322168,-1.7222168,-0.0022167969,-2.7022169,-2.2022169,-1.3222167,-1.9722168,-2.2022169,-1.6622168,-0.5322168,-1.1622168
-2.8022168,-2.2722168,2.347783,1.5677832,-0.9822168,6.907783,5.707783,6.6877832,2.3777833,-0.7022168,0.5877832,0.2977832,2.1577833,4.177783,4.9177833,4.7377834,4.847783,4.6477833,4.457783,4.5077834,5.4377832,7.1477833,7.8177834,7.9177833,8.567783,0.8877832,0.5677832,1.5877832,0.69778323,0.007783203,-0.2222168,-0.8122168,1.4077832,-1.5322168,2.097783,-1.6222168,-0.5922168,-0.8622168,0.4977832,1.7477832,0.8277832,0.9277832,-1.2522168,-1.6522168,-0.7922168,-1.7522168,-1.9822168,-1.3522168,-2.2722168,-3.5022168,-2.422217,-1.1222168,-0.9622168,-2.0322168,-0.41221678,-0.4022168,-2.1022167,0.6077832
-2.902217,-2.3022168,4.347783,2.5577831,-0.2422168,-0.4022168,3.4177833,3.847783,1.3177832,0.69778323,-0.2122168,0.2977832,3.2777832,4.4377832,4.5677834,5.247783,4.977783,5.447783,5.407783,5.227783,5.8977833,6.717783,6.537783,7.1477833,6.947783,9.197783,8.257783,2.9477832,3.1777833,0.3677832,0.30778322,0.017783202,-0.2022168,0.027783204,0.2177832,3.3677833,7.177783,6.3177834,0.9077832,1.2877831,1.6177832,0.4577832,0.1177832,-1.6822168,-0.1822168,-0.102216795,-4.712217,-2.8422167,-3.672217,-3.3822167,-2.2922168,-1.9422168,-1.0222168,-0.9122168,0.2577832,0.4577832,0.7377832,5.137783
1.1877832,-1.1422168,-0.7322168,-0.5022168,-2.402217,-1.6722168,1.2077832,2.7577832,2.9077833,3.4577832,-0.2522168,5.197783,5.2777834,4.947783,5.387783,6.057783,6.717783,4.9377832,5.137783,6.3577833,4.967783,5.307783,5.427783,5.457783,6.617783,6.0277834,8.547783,9.587783,5.3977833,4.907783,6.057783,3.4577832,3.8777833,4.077783,3.0077832,2.5377831,3.1977832,1.2477832,0.4977832,1.4277833,1.5877832,0.6477832,-0.3722168,-0.6122168,0.3777832,-1.8422168,-3.402217,-1.7122169,-2.4922168,-2.3022168,-1.1522168,-0.3422168,0.5377832,2.7477832,-0.0022167969,1.5277832,2.2677832,14.517783
1.6677833,1.7377832,0.4277832,1.4277833,0.3777832,0.94778323,1.6477832,3.4777832,5.6077833,7.887783,8.957783,7.597783,6.6677833,5.967783,5.847783,5.307783,5.4177833,6.0277834,5.3377833,5.927783,6.307783,5.7977834,6.7777834,7.597783,5.907783,6.247783,7.2777834,9.137783,7.907783,4.347783,4.5477834,4.7377834,2.3877833,3.597783,3.6677833,2.8677833,1.8977832,1.2277832,1.3477832,2.2577832,1.3177832,0.23778321,-0.9722168,-1.1122168,-0.1222168,-1.7122169,-3.0822167,-2.0622168,-1.4422168,-2.3222167,-0.8722168,1.8577832,4.0277834,-0.3022168,-0.8522168,1.4777832,8.9077835,11.437783
-0.3522168,1.5377831,0.8077832,1.7077832,1.4777832,1.8177832,4.1077833,4.6077833,5.677783,6.717783,7.5077834,7.5477834,6.537783,5.537783,6.947783,5.5277834,5.8577833,5.957783,6.157783,6.1077833,6.327783,6.3577833,5.967783,6.2577834,6.287783,6.707783,5.887783,6.677783,8.257783,7.637783,6.577783,5.557783,4.807783,5.4177833,4.4377832,1.1977832,1.8977832,3.0277832,3.1577833,4.597783,2.1677833,0.5277832,-0.5222168,-0.5222168,-0.1322168,-0.2722168,-1.7622168,-1.4522167,-2.2622168,-3.3422167,0.6577832,3.7777832,3.9477832,9.487783,8.857783,13.067783,7.447783,8.987783
-0.9622168,0.9077832,0.9977832,1.0577832,1.1077832,2.4477832,4.1277833,4.327783,6.0877833,6.447783,5.9877834,6.287783,6.427783,5.947783,5.1277833,4.577783,5.1077833,4.887783,5.367783,4.387783,4.597783,5.707783,4.7577834,4.477783,4.677783,4.637783,4.707783,4.787783,4.577783,5.1277833,7.8177834,6.847783,5.537783,5.697783,4.707783,1.9477832,-0.0022167969,1.9977832,3.1677833,2.6177833,1.7777832,0.4577832,-0.8222168,0.2277832,-0.3322168,-0.1622168,0.0977832,-0.5422168,-0.1222168,3.847783,5.8377833,5.7377834,8.377783,9.637783,8.767783,6.637783,6.9877834,6.747783
-1.2722168,-1.0522168,0.0977832,2.7977831,2.4977832,3.5177832,4.077783,5.137783,5.8377833,5.6677833,5.1277833,4.977783,5.8977833,5.747783,5.4377832,5.387783,4.197783,1.5377831,2.4777832,2.3577833,3.1977832,2.6177833,2.3677833,1.9477832,2.4177833,3.6677833,5.1277833,3.347783,2.9777832,3.5377831,4.2377834,4.767783,4.7977834,5.077783,4.947783,1.9977832,3.097783,4.6677833,4.677783,5.967783,-0.6122168,1.3977832,0.8377832,-0.5322168,0.6777832,0.7477832,1.3277832,0.8977832,4.7777834,1.4477832,3.097783,6.847783,6.457783,6.8777833,7.6077833,6.1677833,3.8877833,6.5877833
-1.9122168,-0.5622168,2.2577832,3.7977831,4.0277834,4.867783,5.247783,5.747783,5.7977834,6.327783,5.617783,5.0277834,4.767783,5.3577833,6.467783,6.0877833,4.137783,2.6477833,2.7777832,0.94778323,-0.1822168,0.2077832,0.6477832,1.5577832,2.2277832,1.9777832,1.7077832,2.5577831,2.7377832,3.9877832,3.1077833,2.4577832,1.6477832,3.2177832,4.1477833,5.827783,2.827783,4.4877834,6.7377834,6.0077834,5.387783,2.3777833,1.4977832,1.6777833,0.6777832,3.087783,2.7477832,3.2077832,2.0277832,4.4177833,6.3377833,5.207783,5.1677833,6.967783,4.097783,4.4177833,5.5077834,6.1677833
-0.9622168,1.5877832,3.6477833,5.197783,6.637783,6.867783,7.517783,7.177783,6.367783,6.037783,5.5277834,4.8577833,5.1077833,4.3177834,4.1277833,4.057783,3.9277833,2.1777833,0.2477832,-0.3522168,1.0577832,0.107783206,0.7877832,-0.0022167969,0.4977832,0.8877832,1.0577832,1.7277832,1.6377832,2.087783,2.4377832,1.7377832,2.4577832,2.9677832,3.4677832,5.017783,5.927783,5.0077834,7.9177833,6.5477834,3.7977831,5.537783,3.9777832,2.2477832,2.4477832,2.0377831,2.6277833,-0.55221677,2.9577832,8.897783,5.767783,8.147783,5.387783,3.1577833,5.5877833,5.287783,5.1277833,5.1877832
3.0277832,4.807783,6.637783,7.8777833,8.377783,8.987783,8.867784,8.307783,6.8177834,6.407783,5.407783,4.887783,4.0877833,3.347783,3.1677833,3.3977833,2.1177833,-0.4922168,-1.1422168,-0.8822168,0.4777832,-0.47221678,0.017783202,0.0977832,0.1477832,0.1977832,-0.6922168,0.8677832,1.1877832,0.7277832,0.6377832,1.5777832,3.1377833,2.8977833,3.4677832,4.0277834,5.4377832,5.5677834,7.707783,4.657783,5.447783,6.4377832,4.7577834,3.6477833,2.087783,0.6777832,1.6777833,6.597783,9.217783,1.2877831,8.487783,2.2577832,2.347783,3.4377832,3.8677833,4.5277834,3.8777833,3.7377832
7.1077833,8.527783,9.717783,10.087783,10.057783,9.877783,9.587783,8.117784,6.997783,6.787783,5.327783,4.677783,4.467783,2.9077833,3.087783,2.7177832,1.1277832,0.0977832,-1.3322167,-1.5922168,-1.4822168,-0.1822168,-1.1322168,-1.3122168,-0.4222168,0.1977832,-0.6322168,-0.3122168,-0.3822168,0.0877832,0.4577832,1.4877832,2.1277833,1.8177832,2.7677832,2.4377832,3.4677832,2.4677832,1.2477832,2.8877833,7.227783,9.777783,8.347783,7.1077833,5.517783,3.6677833,4.6277833,8.287784,5.7777834,7.3577833,7.6877832,6.707783,4.3177834,2.3777833,3.087783,3.5577831,2.577783,3.0177832
10.507783,10.977783,11.047783,10.567783,9.827784,9.417783,9.467783,8.937783,8.257783,7.717783,6.407783,5.0477834,4.6477833,2.9877832,3.567783,2.5377831,1.3377832,-0.7622168,0.9877832,-0.3422168,-0.6422168,-1.5022168,-1.6822168,-2.5922167,-1.6122168,-1.0722167,-0.7922168,-0.2422168,-0.062216796,0.2977832,1.1377832,1.6177832,1.6077832,1.7577832,2.5177832,3.067783,2.9077833,4.177783,3.6577833,4.347783,5.057783,13.857783,5.057783,2.9577832,3.2877831,4.537783,7.8377833,7.0677834,7.387783,4.327783,3.3577833,3.3577833,2.9677832,3.8977833,2.837783,2.4677832,2.1777833,2.4677832
12.017783,11.957783,11.397783,10.897783,10.307783,10.477783,10.377783,10.477783,9.537784,9.107783,7.2977834,6.887783,5.367783,4.4377832,3.9777832,2.7577832,-0.80221677,0.4577832,-0.1622168,-0.55221677,-0.5122168,-1.6022168,-2.1422167,-0.9622168,-2.6222167,-0.5822168,0.30778322,1.5077832,2.0577831,1.9177833,2.2277832,2.9977832,3.2477832,3.837783,4.1477833,4.8777833,6.207783,6.5477834,5.1677833,4.7777834,5.6477833,3.8877833,3.6177833,4.447783,7.0277834,5.827783,4.117783,5.8377833,3.1877832,2.087783,1.4077832,3.7777832,0.017783202,3.3877833,2.5477831,2.077783,1.6577832,1.5277832
13.537784,12.477783,11.677783,12.057783,12.277783,12.327784,12.9077835,13.557783,13.277783,11.487783,8.187783,6.8377833,6.767783,4.177783,4.727783,1.7877831,0.3477832,0.23778321,0.5077832,-0.2222168,-0.1222168,-0.6922168,-0.7522168,-2.0622168,-1.2422168,-0.0822168,1.2777832,2.2577832,2.5077832,2.587783,3.1077833,3.7677832,4.517783,5.3177834,5.977783,5.887783,8.527783,8.187783,7.827783,6.137783,6.2377834,5.5277834,5.9177833,6.967783,4.267783,2.5277832,4.997783,3.9577832,-0.022216797,1.7277832,1.2977833,2.077783,5.5077834,3.2177832,2.3077831,1.6077832,1.0677832,0.8877832
15.057783,14.737783,13.937783,14.057783,13.557783,14.147783,15.017783,14.237783,13.807783,12.807783,10.797783,8.947783,7.2777834,6.137783,4.387783,1.7777832,-0.3022168,-0.4522168,0.94778323,1.9577832,1.7577832,1.4677832,1.0877832,0.9277832,0.5577832,0.8777832,1.7177832,1.7377832,2.7377832,3.1477833,3.3677833,3.7577832,4.4377832,6.1477833,6.847783,7.1677833,8.4077835,8.727783,8.467783,7.1877832,6.327783,5.267783,3.6077833,3.1177833,4.947783,4.6677833,3.9877832,1.7577832,1.9977832,1.8977832,4.477783,4.577783,1.6177832,1.0477833,2.1277833,1.2977833,1.0577832,0.2477832
16.607782,16.777782,15.987783,16.097784,16.367783,15.397783,15.717783,13.897783,12.587783,11.857783,11.087783,10.327784,9.427783,6.8977833,6.9877834,4.537783,4.517783,-0.3822168,1.8477832,2.5477831,4.827783,3.0377831,2.1877832,2.347783,2.337783,2.347783,3.0077832,3.4977832,3.0277832,3.587783,3.7577832,3.837783,5.217783,6.217783,7.0677834,7.997783,8.017783,8.617784,9.097783,7.787783,6.727783,6.267783,5.347783,3.6777833,3.4877832,4.2377834,1.9977832,0.2077832,2.7677832,3.9977832,3.1377833,4.2577834,0.007783203,1.6377832,3.2277832,1.7977833,1.1677833,0.5477832
