images/wind850/850wind_024.json
{"header": { "discipline":0, "disciplineName":"Meteorological products", "gribEdition":2, "gribLength":81445, "center":7, "centerName":"US National Weather Service - NCEP(WMC)", "subcenter":0, "refTime":"2025-08-06T00:00:00.000Z", "significanceOfRT":1, "significanceOfRTName":"Start of forecast", "productStatus":0, "productStatusName":"Operational products", "productType":1, "productTypeName":"Forecast products", "productDefinitionTemplate":0, "productDefinitionTemplateName":"Analysis/forecast at horizontal level/layer at a point in time", "parameterCategory":2, "parameterCategoryName":"Momentum", "parameterNumber":3, "parameterNumberName":"V-component_of_wind", "parameterUnit":"m.s-1", "genProcessType":2, "genProcessTypeName":"Forecast", "forecastTime":24, "surface1Type":100, "surface1TypeName":"Isobaric surface", "surface1Value":85000.0, "surface2Type":255, "surface2TypeName":"Missing", "surface2Value":0.0, "gridDefinitionTemplate":0, "gridDefinitionTemplateName":"Latitude_Longitude", "numberPoints":65160, "shape":6, "shapeName":"Earth spherical with radius of 6,371,229.0 m", "gridUnits":"degrees", "resolution":48, "winds":"true", "scanMode":0, "nx":360, "ny":181, "basicAngle":0, "lo1":0.0, "la1":90.0, "lo2":359.0, "la2":-90.0, "dx":1.0, "dy":1.0 }, "data":
[rows 27 to 53 of 181, columns 0 to 58 of 360]
4.765205,5.1352053,2.9752052,5.055205,5.955205,6.025205,6.315205,7.465205,7.525205,5.225205,2.7252052,0.31520507,2.5052052,0.5252051,1.7152051,2.9752052,0.5752051,-1.494795,-4.944795,2.405205,1.4752051,-0.21479492,-2.854795,0.9452051,3.805205,5.525205,5.585205,6.265205,6.855205,8.195205,8.285205,7.145205,8.835205,7.225205,6.355205,5.265205,3.0252051,2.5352051,3.175205,8.595205,7.625205,7.205205,4.275205,3.065205,2.2452052,3.2252052,2.565205,1.4752051,0.30520508,1.7952051,3.625205,3.045205,1.4252051,0.6552051,0.28520507,-0.21479492,-1.0547949,0.34520507,1.745205
4.815205,4.3652053,4.3852053,4.715205,6.775205,8.545205,4.675205,3.2352052,3.0252051,2.355205,1.9052051,2.2452052,0.27520508,-3.634795,0.025205078,2.5352051,1.125205,-0.8147949,-1.5247949,0.25520507,2.935205,2.705205,1.0852051,1.2152051,2.195205,3.855205,4.235205,6.495205,7.995205,8.765205,8.315205,9.105206,8.595205,7.875205,5.255205,2.2252052,0.92520505,-0.06479492,1.505205,8.155205,6.955205,4.625205,2.115205,1.855205,0.5152051,1.125205,1.2252051,-2.804795,-2.084795,1.615205,1.985205,2.195205,0.45520508,-1.2047949,-2.634795,-3.204795,-1.1847949,1.7152051,-0.38479492
7.945205,5.685205,4.225205,4.295205,3.4852052,4.395205,4.315205,3.865205,1.9652051,0.8752051,-2.4847949,-5.644795,-5.1347947,-5.1347947,-4.044795,0.8752051,-2.604795,-0.21479492,-1.9447949,-2.684795,2.885205,3.575205,3.685205,1.4452051,1.3152051,3.145205,5.585205,7.275205,9.015205,8.905205,8.755205,9.045205,7.785205,4.515205,4.055205,1.5452051,-1.6747949,-1.9347949,4.255205,7.175205,4.4052052,3.575205,3.125205,1.5852051,-0.12479492,-1.354795,-1.7247949,-2.794795,1.485205,0.84520507,1.0652051,0.6952051,-0.22479492,-0.6847949,-1.4247949,-2.574795,-1.2047949,1.255205,3.855205
7.9052052,6.805205,5.045205,3.095205,0.9052051,1.6752051,2.105205,3.955205,4.025205,-1.134795,-6.574795,-8.084795,-5.564795,-2.374795,-2.644795,-1.0647949,-0.8447949,-0.22479492,0.8952051,-0.14479493,0.8952051,0.3852051,1.485205,1.615205,3.2252052,4.045205,6.975205,7.445205,6.305205,7.775205,6.815205,8.065205,5.725205,1.885205,1.0552051,-0.7347949,-0.5647949,-0.8047949,4.145205,6.295205,3.4852052,3.555205,1.865205,0.42520508,-0.7247949,-1.494795,-4.104795,-1.9447949,-0.22479492,3.2652051,2.815205,1.135205,-0.06479492,-1.4747949,-1.874795,-2.094795,-0.6147949,-0.16479492,-1.6647949
12.565205,12.665205,8.435205,3.7652051,0.8852051,-1.504795,0.18520507,-2.084795,-4.234795,-5.204795,-4.674795,-3.304795,-5.084795,-2.2247949,-1.4647949,-0.6147949,-1.384795,-0.34479493,-0.024794921,-0.6147949,-0.8547949,-0.024794921,0.8852051,2.655205,4.555205,6.3452053,5.485205,3.9852052,4.525205,6.3452053,5.1352053,5.8452053,5.3652053,2.335205,0.5252051,-2.2247949,0.9652051,0.79520506,4.545205,3.895205,1.9652051,2.345205,1.745205,-0.23479491,-1.6547949,-2.824795,-4.294795,-2.134795,2.4852052,3.175205,1.3052051,0.36520508,-2.0147948,-3.334795,-1.604795,-1.3447949,-0.14479493,0.17520508,0.6552051
11.715205,10.185205,9.065205,6.545205,1.7252051,-0.57479495,-2.454795,-1.744795,0.4452051,0.2952051,-0.7547949,-3.124795,-4.854795,-2.804795,-2.4847949,-2.094795,-3.4947948,-2.414795,-1.9247949,-0.77479494,0.025205078,1.485205,2.675205,3.305205,5.005205,3.9952052,3.315205,3.925205,4.335205,5.275205,3.095205,3.5252051,3.095205,1.5652051,-0.7247949,0.7152051,2.0052052,3.685205,2.415205,1.235205,0.33520508,0.08520508,0.46520507,-0.8147949,-1.5647949,-3.914795,-5.8447948,-1.9047949,1.6852051,0.4452051,-0.71479493,-1.5547949,-2.2447948,-3.824795,-1.264795,-0.8447949,-0.3347949,1.5652051,0.14520508
13.845205,11.165205,9.125205,4.8852053,5.815205,1.8252051,-0.0047949217,-0.35479492,1.745205,2.295205,-0.114794925,-1.994795,-3.204795,-4.184795,-2.574795,-1.4247949,-2.0047948,-3.5347948,-3.334795,0.04520508,0.4452051,2.915205,2.425205,2.115205,3.2652051,2.2852051,2.545205,2.145205,2.695205,3.205205,1.495205,2.085205,0.86520505,-1.2247949,-0.95479494,2.195205,2.615205,3.565205,1.3352051,0.005205078,-0.63479495,-0.0147949215,-1.5347949,-2.434795,-3.804795,-3.4747949,-6.394795,-5.0947948,-0.5347949,-1.1847949,-3.294795,-1.8247949,-2.404795,-0.0147949215,-0.25479493,0.79520506,-0.09479492,-0.0147949215,-0.4847949
14.925205,10.975205,9.135205,6.445205,3.935205,2.045205,2.335205,2.4852052,2.9752052,2.175205,0.7752051,-0.58479494,-2.174795,-4.1347947,-3.384795,-1.624795,-0.37479493,-0.70479494,-1.364795,-0.51479495,-0.22479492,1.1952051,1.4252051,0.67520505,0.5252051,0.53520507,0.37520507,0.6252051,0.5752051,0.7452051,0.7052051,-0.18479492,-1.3247949,-3.2547948,-0.13479492,1.255205,4.265205,2.305205,-0.16479492,-0.40479493,-0.9247949,-1.1747949,-0.90479493,-2.684795,-2.354795,-3.834795,-6.1347947,-3.954795,-6.204795,-2.7447948,-4.424795,-3.2447948,-3.574795,-1.4247949,-1.374795,1.6752051,1.985205,2.125205,1.2052051
12.305205,12.555205,10.725205,6.735205,4.5952053,2.7252052,1.765205,2.845205,3.4952052,2.895205,2.0052052,0.5152051,-1.0747949,-1.634795,-0.17479493,-0.23479491,-0.76479495,-0.58479494,-1.5547949,-0.76479495,-0.16479492,0.015205078,0.18520507,0.40520507,-0.21479492,-0.5647949,-1.2247949,-1.4647949,-0.7847949,-0.8647949,-1.994795,-2.104795,-3.804795,-5.4047947,-2.2547948,3.2852051,5.295205,3.0052052,-0.0047949217,0.73520505,-0.7347949,-0.9147949,-0.64479494,-1.7847949,-4.824795,-3.854795,-5.3647947,-7.604795,-7.6347947,-5.1347947,-7.244795,-5.3647947,-2.404795,-1.6547949,-1.2047949,0.07520508,2.7752051,3.675205,3.045205
12.755205,11.255205,9.485205,7.465205,4.325205,2.885205,3.9952052,3.4952052,3.385205,3.2552052,2.655205,1.0852051,0.7052051,1.645205,1.485205,-0.5647949,-1.0447949,-1.0247949,-0.9447949,-1.624795,-0.6847949,0.04520508,0.3552051,-0.5947949,-5.164795,-2.4847949,-0.9947949,-1.264795,-2.4947948,-3.814795,-2.0247948,-4.004795,-5.834795,-5.814795,-3.894795,4.665205,5.695205,3.645205,1.505205,-1.1747949,-2.904795,-2.2647948,0.15520507,-2.404795,-3.624795,-6.824795,-5.754795,-7.574795,-8.834795,-10.384795,-7.644795,-7.144795,-2.074795,0.39520508,-1.384795,-0.15479492,2.565205,3.0052052,2.0252051
10.305205,8.6452055,8.795205,6.805205,5.575205,6.415205,6.245205,4.255205,4.165205,3.805205,3.045205,1.4152051,0.6452051,0.5652051,-0.18479492,1.4752051,1.1552051,0.17520508,-1.384795,-0.17479493,-1.264795,-1.5947949,-1.2247949,-1.504795,-4.674795,-2.2847948,-2.0347948,-0.7247949,-1.5647949,-4.894795,-5.324795,-6.764795,-7.694795,-4.534795,-4.174795,-1.2947949,1.3452051,4.005205,1.3352051,-2.324795,-4.694795,-2.574795,-0.5047949,-1.4147949,-3.414795,-5.474795,-8.304795,-7.334795,-7.024795,-8.174795,-7.744795,-8.884795,-0.82479495,0.45520508,-1.114795,-0.8147949,2.295205,1.5852051,0.20520508
8.195205,7.415205,9.735205,9.415205,7.475205,4.525205,5.475205,3.915205,3.585205,4.695205,3.865205,2.9752052,2.185205,2.115205,0.66520506,0.9652051,0.45520508,-1.9747949,-2.684795,-1.0447949,-0.7447949,-1.0647949,-3.444795,-2.114795,-3.2847948,-3.104795,-1.2847949,-2.954795,-2.454795,-4.8447948,-6.954795,-8.664795,-6.784795,-5.354795,-3.414795,2.355205,4.205205,5.165205,0.18520507,-4.944795,-4.454795,-2.5147948,-1.874795,-2.804795,-3.064795,-4.014795,-7.564795,-9.704795,-4.334795,-6.334795,-7.084795,-5.564795,-2.944795,-2.844795,-0.9347949,0.47520506,0.40520507,0.9352051,2.925205
6.835205,8.555205,7.675205,6.675205,5.275205,5.165205,4.765205,5.685205,4.505205,5.605205,4.125205,3.4652052,3.2852051,3.2352052,1.2052051,-0.38479492,-1.5447949,-1.014795,-3.124795,-1.0347949,0.67520505,-3.044795,-4.944795,-0.5647949,-1.9547949,-2.204795,-2.884795,-4.3647947,-6.3447948,-6.724795,-7.794795,-5.474795,-4.934795,-3.914795,1.3052051,0.065205075,2.9752052,1.235205,-3.204795,-7.714795,-7.004795,-4.504795,-0.7347949,-1.8347949,-2.2847948,-5.0947948,-6.1547947,-8.204795,-8.974795,-8.124795,-6.334795,-4.974795,-3.884795,-0.7247949,1.6652051,-1.2747949,-2.304795,1.115205,2.2652051
5.605205,5.445205,3.185205,3.115205,3.5152051,5.255205,4.485205,3.925205,4.985205,4.555205,4.395205,3.865205,3.7652051,2.7552052,2.325205,1.5552051,1.0452051,-0.5547949,-0.44479492,-1.484795,-1.2747949,-2.7747948,-3.674795,-2.704795,-2.7847948,-2.614795,-5.514795,-6.444795,-8.834795,-8.134795,-7.024795,-5.8647947,-4.304795,-0.34479493,-0.9947949,0.8352051,1.3152051,-1.854795,-5.484795,-7.964795,-7.104795,-5.784795,-3.814795,-1.754795,-1.5247949,-3.104795,-5.8847947,-7.524795,-8.324795,-7.084795,-4.714795,-2.2247949,-1.494795,-3.0347948,-1.7047949,-2.634795,-0.71479493,1.2852051,0.79520506
2.825205,1.395205,2.7352052,2.455205,1.0552051,0.095205076,2.685205,3.4852052,3.7352052,4.305205,4.045205,3.665205,3.645205,3.4752052,4.465205,2.675205,0.3252051,-3.194795,-1.7747949,-1.014795,-1.104795,-6.374795,-9.094795,-5.244795,-3.5347948,-4.984795,-7.164795,-7.274795,-5.694795,-6.474795,-5.554795,-3.864795,-1.8247949,0.47520506,0.23520508,-0.0047949217,-0.9247949,-4.694795,-4.374795,-4.444795,-7.224795,-7.604795,-4.804795,-3.104795,-2.7747948,-4.054795,-3.5147948,-2.414795,-2.7447948,-3.544795,-4.444795,-4.254795,-3.664795,-3.694795,-4.044795,-1.254795,-0.23479491,4.555205,1.6852051
1.4052051,1.4052051,2.195205,1.6552051,-0.37479493,1.3452051,3.405205,2.575205,1.885205,1.9352051,1.865205,1.8252051,1.5852051,3.4852052,3.895205,4.085205,6.195205,-1.3447949,-3.874795,1.3052051,-0.8547949,-7.714795,-8.054795,-6.504795,0.6252051,-3.394795,-4.624795,-5.764795,-7.224795,-6.3447948,-6.1147947,-2.924795,-1.4047949,2.2352052,3.545205,1.5752051,-1.744795,-6.554795,-3.7147949,-1.6947949,-1.864795,-2.564795,-2.124795,-1.264795,-1.0247949,-2.7347949,-0.6147949,-1.5447949,-3.2847948,-4.054795,-4.1347947,-3.5347948,-3.2747948,-4.164795,-2.4847949,-3.834795,5.265205,3.0252051,4.185205
2.2452052,2.0252051,1.485205,1.135205,-0.054794922,0.36520508,5.465205,2.4852052,1.985205,3.165205,2.585205,4.1552052,2.4752052,2.155205,1.4052051,2.545205,2.415205,-1.104795,-4.994795,-2.844795,-3.664795,-5.494795,-5.6347947,-3.184795,-4.784795,-1.884795,-3.644795,-7.744795,-9.274795,-8.724795,-6.804795,-4.874795,-4.564795,1.255205,4.005205,0.13520508,-3.184795,-5.824795,-6.004795,-0.32479492,2.625205,1.1852051,-1.484795,-1.384795,-1.864795,-2.2747948,-5.3647947,-4.974795,-4.294795,-4.324795,-2.7347949,-4.764795,-3.9947948,-3.9747949,-4.304795,4.335205,5.105205,3.665205,1.995205
-0.23479491,0.13520508,1.895205,3.945205,3.345205,1.1852051,4.6152053,2.905205,1.2152051,1.0852051,0.8852051,2.105205,1.885205,1.245205,1.9752051,4.6552052,2.7252052,0.16520508,-4.0947948,-6.074795,-4.1347947,-4.454795,-1.9647949,1.8052051,-1.494795,-4.804795,-1.354795,-8.964795,-7.814795,-7.194795,-5.234795,-7.574795,-4.044795,-0.63479495,-1.2047949,-3.9947948,-3.194795,-1.7747949,0.66520506,-0.70479494,-3.5347948,-3.124795,-1.604795,-3.564795,-3.374795,-5.994795,-3.9647949,-1.1847949,-3.134795,-4.1147947,-3.864795,-3.394795,-5.254795,-3.4647949,1.6652051,5.985205,2.585205,-0.3347949,0.61520505
2.165205,2.365205,3.185205,3.555205,4.215205,2.445205,0.85520506,-0.10479492,-5.834795,-2.4747949,-1.0647949,1.9752051,4.165205,2.165205,-2.154795,2.365205,2.4952052,0.5152051,-1.3147949,-4.454795,-1.2147949,-2.854795,-7.564795,0.025205078,1.0752051,1.9752051,-0.96479493,-2.844795,-6.354795,-7.234795,-7.804795,-8.284795,-7.6147947,-2.934795,-3.9647949,-6.944795,-2.344795,-3.444795,-2.374795,0.17520508,1.605205,2.575205,4.245205,3.875205,1.6852051,-0.64479494,-2.654795,-4.794795,-5.804795,-3.044795,-2.074795,-4.3647947,-1.2947949,1.0252051,2.7352052,0.53520507,-0.9347949,-0.90479493,1.3352051
3.165205,2.405205,2.2152052,2.345205,2.655205,-1.9647949,1.0852051,-0.5047949,-1.0547949,2.095205,2.575205,3.405205,1.5452051,5.235205,2.335205,-1.9647949,1.1952051,-2.5247948,-2.174795,-3.5147948,-6.714795,-5.994795,-7.424795,-2.0247948,-1.7047949,-2.444795,1.885205,-2.9647949,-6.254795,-5.214795,-6.1147947,-6.264795,-11.174795,-1.5347949,-4.024795,-5.0947948,-4.174795,-8.624795,2.365205,2.5052052,0.23520508,1.2752051,0.60520506,6.605205,2.145205,0.4452051,-0.6847949,-1.744795,-3.5347948,-3.924795,-3.184795,-1.4147949,0.14520508,0.11520508,0.8952051,-0.3047949,-0.4847949,-3.954795,1.235205
1.7752051,0.72520506,2.295205,1.615205,0.22520508,-0.5447949,-1.5547949,-2.044795,-1.8447949,0.79520506,4.645205,1.745205,2.455205,0.22520508,0.92520505,-2.454795,1.2752051,0.8152051,0.3252051,-2.554795,-5.534795,-8.324795,-7.624795,-7.0947948,-6.674795,-3.7347949,-4.474795,-7.774795,-7.834795,-5.174795,-6.234795,-8.884795,-5.8647947,-3.904795,-3.7847948,-6.034795,-5.1147947,-3.864795,-0.5647949,1.105205,1.1852051,0.6952051,-1.4747949,0.22520508,0.31520507,-0.024794921,-0.4247949,1.4252051,-1.5747949,-3.4647949,-1.134795,1.115205,2.315205,1.615205,-0.96479493,-3.344795,-1.484795,-4.354795,-2.4747949
2.165205,1.0452051,1.8452051,2.555205,0.6952051,-3.7647948,-4.004795,-5.414795,0.34520507,2.085205,4.725205,2.5352051,3.895205,1.2752051,-1.124795,-0.5347949,-2.064795,-0.88479495,1.105205,-2.134795,-5.724795,-2.594795,-7.494795,-8.154795,-6.764795,-6.604795,-7.9047947,-12.814795,-8.844795,-7.794795,-5.734795,-7.894795,-5.1347947,-3.7147949,-2.364795,-3.904795,-3.7747948,-3.604795,-1.3147949,1.005205,1.385205,0.34520507,1.1652051,0.9652051,4.015205,-0.47479492,-2.314795,2.885205,0.21520507,-2.2547948,-0.7547949,1.0952051,2.065205,-0.58479494,-2.824795,-4.054795,-2.054795,-4.144795,-4.334795
2.205205,8.285205,2.2552052,1.5552051,1.0552051,-0.8547949,-5.534795,-4.224795,-0.31479493,3.425205,2.655205,0.27520508,4.005205,2.7552052,-1.6947949,-3.094795,-2.664795,-3.084795,-5.034795,0.065205075,-1.5347949,-3.584795,-5.144795,-4.774795,-5.524795,-12.114795,-13.964795,-11.234795,-6.764795,-11.744795,-11.6047945,-10.574795,-4.674795,-2.694795,-2.124795,-2.824795,-3.2247949,-2.394795,-0.9247949,0.42520508,-0.7447949,0.025205078,1.2252051,0.5152051,-2.414795,-0.0047949217,4.435205,4.105205,-1.514795,-1.494795,0.47520506,0.79520506,0.3552051,0.22520508,-1.4347949,-5.164795,-2.334795,-2.894795,-5.204795
4.215205,5.235205,2.395205,1.1552051,2.115205,-0.6647949,-3.9947948,-3.554795,-1.3247949,0.2652051,0.4152051,-0.13479492,-0.82479495,2.945205,-1.1547949,-2.4747949,-2.134795,-4.234795,-6.304795,-0.114794925,-0.5547949,-3.074795,-2.874795,-7.494795,-13.504795,-13.724795,-12.864795,-14.3547945,-12.004795,-2.384795,-10.324795,-3.864795,-4.194795,-4.1547947,-6.584795,-6.284795,-2.324795,-1.6547949,-2.374795,-0.7947949,-1.5547949,-1.7147949,-0.47479492,-1.874795,-2.334795,-3.314795,1.4652051,2.145205,4.295205,2.0252051,1.6852051,0.34520507,-0.10479492,-1.2247949,-3.2447948,-3.424795,-3.2547948,-1.9547949,-2.874795
4.995205,3.555205,1.6652051,1.0552051,1.2252051,-0.40479493,-2.164795,-2.934795,-2.064795,1.605205,-0.06479492,-2.874795,-1.494795,-2.154795,-2.174795,-2.384795,-3.2447948,-8.754795,-7.3647947,-2.074795,-3.704795,-5.524795,-6.644795,-11.694795,-12.974795,-15.1047945,-8.514795,-6.494795,-3.564795,-6.584795,-4.164795,-3.934795,-1.6947949,-7.3647947,-6.794795,-5.544795,-1.9647949,-0.8147949,-3.054795,0.2952051,-0.7847949,-0.9347949,-1.0647949,-0.31479493,-0.88479495,-0.95479494,-0.04479492,-2.0347948,-0.76479495,4.045205,2.2852051,2.655205,0.36520508,-2.924795,-4.994795,-6.604795,-3.9847949,-0.8547949,-1.244795
3.625205,0.59520507,-0.15479492,-0.17479493,0.33520508,-1.4447949,-2.194795,-2.634795,-1.884795,0.59520507,-0.24479492,-3.854795,-3.2147949,-4.624795,-1.8047949,-1.6647949,-1.734795,-9.024795,-7.8447948,-6.074795,-4.8847947,-7.374795,-4.574795,-17.114796,-21.094795,-8.074795,-7.984795,-5.5947948,-1.8247949,-2.7247949,-2.314795,-0.23479491,-0.57479495,-6.6147947,2.305205,-0.17479493,-0.51479495,-0.88479495,0.7152051,1.5352051,-0.07479492,0.24520507,-0.77479494,-1.0647949,-1.6747949,0.53520507,-4.8847947,0.025205078,-1.104795,1.5252051,1.8452051,2.4652052,0.5752051,-2.914795,-5.324795,-4.914795,0.46520507,-1.144795,-0.27479494
2.625205,1.0552051,0.3852051,-1.0947949,0.19520508,-0.8647949,-1.5747949,-0.6147949,1.2052051,0.30520508,-2.5147948,-3.434795,-3.594795,-6.174795,-2.074795,-0.4847949,-3.204795,-8.914795,-8.084795,-6.644795,-8.024795,-8.284795,-9.334795,-18.084795,-13.374795,-9.304795,-6.444795,-5.6547947,-2.2747948,-1.854795,-1.264795,1.5252051,-1.4747949,0.10520508,-1.1647949,-0.83479494,-1.234795,-3.634795,1.8352051,4.785205,2.825205,1.5652051,-0.65479493,-1.4447949,0.14520508,-1.3047949,-0.52479494,-0.024794921,-0.20479493,-1.3247949,-0.38479492,1.7952051,-0.3647949,-0.6947949,-2.694795,-0.8747949,-4.494795,-0.22479492,-2.604795
