images/wind850/850wind_012.json
{"header": { "discipline":0, "disciplineName":"Meteorological products", "gribEdition":2, "gribLength":81402, "center":7, "centerName":"US National Weather Service - NCEP(WMC)", "subcenter":0, "refTime":"2025-08-06T00:00:00.000Z", "significanceOfRT":1, "significanceOfRTName":"Start of forecast", "productStatus":0, "productStatusName":"Operational products", "productType":1, "productTypeName":"Forecast products", "productDefinitionTemplate":0, "productDefinitionTemplateName":"Analysis/forecast at horizontal level/layer at a point in time", "parameterCategory":2, "parameterCategoryName":"Momentum", "parameterNumber":3, "parameterNumberName":"V-component_of_wind", "parameterUnit":"m.s-1", "genProcessType":2, "genProcessTypeName":"Forecast", "forecastTime":12, "surface1Type":100, "surface1TypeName":"Isobaric surface", "surface1Value":85000.0, "surface2Type":255, "surface2TypeName":"Missing", "surface2Value":0.0, "gridDefinitionTemplate":0, "gridDefinitionTemplateName":"Latitude_Longitude", "numberPoints":65160, "shape":6, "shapeName":"Earth spherical with radius of 6,371,229.0 m", "gridUnits":"degrees", "resolution":48, "winds":"true", "scanMode":0, "nx":360, "ny":181, "basicAngle":0, "lo1":0.0, "la1":90.0, "lo2":359.0, "la2":-90.0, "dx":1.0, "dy":1.0 }, "data":
[rows 26 to 51 of 181, columns 290 to 347 of 360]
0.27950928,-1.0604907,-2.8904908,-5.360491,-6.340491,-9.290491,-9.780491,-10.22049,-10.890491,-10.67049,-9.6804905,-4.300491,-2.0204906,-4.450491,-7.240491,-11.780491,-15.370491,-10.26049,-7.010491,1.4795092,-1.1704907,6.029509,2.6395092,2.6195092,1.8695092,0.57950926,-2.7104907,-2.9804907,1.9695092,2.4595094,-0.30049074,1.9295093,2.9695094,-2.0904908,-5.570491,-6.7704906,-8.030491,-8.290491,-7.950491,-4.1504908,-2.0104907,-0.7504907,0.6195093,0.7895093,1.2595093,2.0895092,5.119509,8.209509,9.899509,8.40951,6.969509,5.3195095,6.799509,2.7595093,1.2895093,3.5495093,2.6395092,1.3595092
-0.13049072,-1.8104907,-5.740491,-5.3504906,-5.5204906,-8.480491,-9.650491,-10.150491,-9.190491,-8.480491,-9.520491,-11.060491,-13.460491,-10.63049,-6.3504906,-6.4804907,-8.26049,-10.320491,-10.490491,-10.350491,1.4895092,4.969509,4.8495092,3.1995094,0.25950927,0.0095092775,-2.0104907,0.22950928,0.87950927,4.7095094,1.3595092,-1.5104908,0.7995093,-3.9704907,-7.240491,-8.05049,-9.820491,-9.370491,-5.4104905,-4.6604905,-3.9304907,-2.1404908,0.7495093,-0.5904907,1.5495093,3.4295092,9.479509,10.02951,12.099509,10.339509,8.859509,8.169509,7.2295094,5.2295094,5.0895095,5.619509,5.5595093,4.1495094
-1.0404907,-2.9104908,-3.8504908,-4.2104907,-5.9304905,-3.4504907,-5.2504907,-8.270491,-9.020491,-9.940491,-7.780491,-7.5204906,-8.330491,-10.610491,-12.520491,-12.440491,-11.230491,-10.020491,-10.84049,-9.350491,-5.8504906,2.1495092,2.8695092,-1.7704908,-4.360491,-2.0804908,-3.6404908,0.059509277,4.1895094,4.3995094,1.2095093,-3.8504908,-1.0404907,-4.9804907,-8.05049,-8.51049,-8.600491,-8.110491,-7.470491,-7.2704906,-3.8104906,-1.5304908,1.3595092,-0.43049073,3.7295094,2.8395092,12.82951,10.929509,15.719509,18.039509,15.889509,13.82951,8.899509,9.919509,6.409509,7.9595094,6.799509,3.7095094
-2.8804908,-2.8404908,-2.6804907,-3.5604906,-4.260491,-3.2604907,-4.7704906,-6.510491,-8.270491,-8.17049,-8.410491,-7.970491,-8.400491,-7.880491,-7.6704907,-9.490491,-10.750491,-10.59049,-8.610491,-6.0204906,-4.550491,-5.5404906,-6.7904906,-5.700491,-7.340491,0.47950926,-0.070490725,0.23950928,2.4495094,4.2495093,0.8695093,-2.5104907,-5.3304906,-5.8904905,-6.1404905,-8.290491,-9.660491,-8.6804905,-9.080491,-6.5004907,-3.4504907,-3.8104906,1.6595093,1.6795093,-0.43049073,4.779509,11.889509,14.509509,21.07951,17.82951,16.379509,14.669509,10.509509,7.8395095,9.229509,7.799509,7.509509,6.119509
-7.4304905,-6.6804905,-2.9504907,-3.1104908,-2.1504908,-1.4204907,-5.7104907,-5.9604907,-6.800491,-7.9204907,-8.870491,-8.620491,-7.720491,-9.280491,-9.580491,-9.390491,-8.330491,-7.260491,-7.360491,-8.950491,-8.080491,-8.320491,-8.13049,-8.700491,-9.960491,-13.310491,-7.1804905,-2.4704907,1.8495092,3.1795092,1.5095093,-1.0004907,-4.8104906,-7.070491,-7.200491,-8.390491,-8.810491,-9.55049,-7.470491,-6.5604906,-2.8104906,-4.7104907,1.3595092,0.50950927,2.8395092,4.4395094,6.2695093,9.969509,15.23951,18.379509,16.769508,16.81951,11.77951,11.249509,10.799509,9.23951,9.349509,7.529509
-4.510491,-7.3304906,-8.230491,-6.030491,-2.1104908,-1.6004907,0.49950927,-6.6704907,-8.730491,-10.150491,-9.060491,-8.780491,-9.320491,-9.530491,-8.88049,-9.360491,-9.230491,-8.600491,-9.09049,-9.530491,-7.340491,-8.42049,-8.22049,-6.4604907,-7.6804905,-9.4304905,-12.350491,-13.190491,-9.390491,-3.3504908,2.1695092,-0.5704907,-2.1104908,-4.9604907,-7.200491,-9.59049,-8.900491,-9.580491,-10.160491,-5.6504908,-4.950491,-2.4604907,-0.9704907,-2.1804907,0.8495093,5.0695095,5.5795093,9.689509,10.709509,15.8195095,17.519508,17.379509,16.57951,13.719509,10.209509,9.629509,9.039509,9.649509
-3.7504907,-5.8304906,-9.610491,-8.110491,-6.1704907,-6.110491,-9.620491,-12.330491,-1.7704908,-6.200491,-5.3504906,-5.6404905,-6.550491,-6.7904906,-7.130491,-6.9404907,-7.030491,-8.700491,-10.600491,-11.140491,-9.810491,-7.4804907,-10.22049,-8.230491,-8.210491,-8.450491,-8.890491,-9.580491,-9.63049,-9.97049,-8.17049,-2.7804906,-3.1604908,-3.6304908,-4.050491,-6.7704906,-8.67049,-8.9304905,-8.42049,-7.4404907,-6.6404905,-3.5104907,-1.2204907,-0.5104907,0.87950927,-0.9704907,4.889509,7.1895094,9.65951,11.57951,14.979509,16.869509,19.04951,17.459509,15.179509,13.549509,13.07951,11.769509
-5.010491,-6.030491,-7.9604907,-9.280491,-8.060491,-8.55049,-11.600491,-11.200491,-12.390491,-8.17049,-3.4804907,-1.7704908,-3.7104907,-5.200491,-5.530491,-5.110491,-4.9404907,-6.7704906,-8.490491,-9.13049,-9.88049,-10.09049,-10.120491,-9.51049,-9.710491,-8.190491,-7.780491,-7.7504907,-7.5804906,-9.890491,-10.6804905,-9.230491,-7.860491,-5.0804906,-5.340491,-6.130491,-7.2504907,-8.05049,-7.860491,-5.820491,-3.5604906,-2.6004908,-1.4304907,-0.8304907,-1.3004907,-0.6504907,2.3495092,3.2695093,8.90951,11.009509,15.609509,16.47951,18.129509,17.13951,19.81951,16.82951,17.119509,12.359509
-3.8004906,-4.9404907,-5.5404906,-7.7104907,-8.950491,-9.63049,-10.310491,-10.950491,-9.84049,-9.560491,-6.820491,-3.9204907,-4.840491,-5.9104905,-4.1704907,-3.1804907,-1.5104908,-5.0604906,-5.860491,-6.6004906,-7.450491,-8.360491,-9.110491,-11.700491,-11.55049,-8.520491,-7.1504908,-6.2304907,-7.5204906,-8.020491,-8.790491,-11.1804905,-9.770491,-9.240491,-8.63049,-7.220491,-7.1704907,-6.6504908,-5.7504907,-4.590491,-3.2404907,-2.1704907,-1.3204907,-2.2904906,-1.7504907,0.7195093,2.1895094,2.9095092,5.5795093,5.9395094,11.049509,17.05951,23.039509,18.07951,19.109509,18.98951,19.459509,17.91951
-2.6204908,-4.130491,-5.6704907,-7.380491,-8.34049,-9.13049,-8.450491,-9.17049,-9.560491,-9.690491,-7.570491,-6.840491,-5.010491,-3.8304908,-3.7104907,-3.2004907,-4.550491,-3.7304907,-4.740491,-4.2904906,-4.2904906,-5.550491,-8.000491,-9.940491,-10.640491,-10.790491,-8.42049,-6.260491,-6.4204907,-6.840491,-7.280491,-8.490491,-9.150491,-9.38049,-10.110491,-9.370491,-7.780491,-5.990491,-4.8504906,-3.6604908,-3.2004907,-1.9004908,-4.0404906,-4.280491,-1.8004907,0.31950927,2.4295092,1.5395093,0.15950927,5.049509,13.44951,14.039509,16.15951,22.869509,19.30951,18.709509,19.17951,17.449509
-2.9604907,-3.5404906,-5.760491,-6.8704906,-7.700491,-8.290491,-7.610491,-7.470491,-8.1804905,-7.8504906,-6.2304907,-4.6504908,-5.1504908,-4.530491,-5.1404905,-4.110491,-4.260491,-4.0604906,-4.3704906,-4.3304906,-5.300491,-4.5204906,-5.7104907,-8.030491,-9.950491,-10.520491,-9.770491,-7.9604907,-6.4204907,-4.2504907,-5.070491,-6.820491,-7.5604906,-8.540491,-9.13049,-8.910491,-8.290491,-7.3504906,-6.0004907,-4.970491,-4.1004906,-4.6904907,-4.090491,-2.5904908,-1.5904907,-1.5704907,3.5195093,0.8495093,0.2995093,1.2495093,7.909509,9.19951,12.07951,14.11951,20.79951,20.529509,19.06951,16.199509
-3.2604907,-4.4004908,-5.1604905,-6.8304906,-7.510491,-7.510491,-7.6604905,-7.6604905,-6.9204907,-6.860491,-5.3304906,-5.3704906,-4.0804906,-5.1904907,-4.6004906,-4.1804905,-1.3204907,-2.5204906,-4.950491,-5.6704907,-4.1704907,-3.3304908,-4.6204906,-6.740491,-9.360491,-10.47049,-9.900491,-9.110491,-6.780491,-5.4404907,-4.1604905,-4.570491,-5.6204906,-6.720491,-7.610491,-8.580491,-8.55049,-8.26049,-7.4404907,-6.4204907,-6.760491,-5.450491,-3.6304908,-2.7704906,-2.3904908,1.6795093,2.4095092,0.46950927,0.57950926,1.2595093,1.9195093,4.6095095,9.049509,10.8195095,15.609509,20.06951,19.06951,19.58951
-3.3504908,-4.590491,-5.6204906,-5.8104906,-7.200491,-7.0004907,-7.010491,-7.0604906,-6.6504908,-6.3504906,-5.360491,-4.5804906,-4.7304907,-4.5004907,-2.5604906,-2.4404907,-2.8004906,-4.220491,-4.300491,-7.2904906,-5.200491,-3.4904907,-3.9004908,-6.280491,-8.710491,-9.63049,-9.310491,-8.250491,-6.760491,-4.860491,-5.0404906,-5.9004908,-6.530491,-6.7104907,-6.9204907,-6.970491,-7.1204906,-7.280491,-7.5404906,-7.0204906,-5.1904907,-4.320491,-4.5404906,-2.6004908,0.62950927,1.5195093,1.5995092,2.1695092,1.2795093,0.5395093,0.30950928,2.7395093,6.1295094,9.399509,13.07951,19.80951,15.759509,17.67951
-3.6804907,-3.8304908,-5.530491,-5.590491,-6.8904905,-7.820491,-6.840491,-5.0204906,-5.8904905,-4.590491,-5.1204906,-3.5304906,-1.9304907,-1.4704907,-2.5504906,-1.2104907,-3.3104906,-3.5104907,-3.3604908,-6.7904906,-5.570491,-4.4204907,-5.1904907,-6.4304905,-7.530491,-7.880491,-7.1204906,-5.450491,-4.7104907,-4.6904907,-5.7104907,-6.3704906,-6.5204906,-6.470491,-6.050491,-6.7704906,-6.950491,-6.720491,-5.550491,-5.5604906,-5.240491,-5.2304907,-1.2504907,1.1895093,0.9795093,1.9895092,2.5395093,1.1995093,-0.5104907,-0.6404907,1.8595092,2.9695094,5.779509,6.299509,8.639509,17.25951,18.42951,16.71951
-1.9504907,-4.5404906,-4.5604906,-5.1204906,-3.8904908,-4.1904907,-5.110491,-5.6204906,-3.3904908,-4.0004907,-3.5004907,-4.760491,-1.2804908,-2.1804907,-2.4704907,-1.1204907,-2.6604908,-3.7604907,-4.380491,-4.6504908,-4.9104905,-5.510491,-7.0004907,-7.720491,-7.8104906,-6.1604905,-5.280491,-4.700491,-3.8304908,-4.2304907,-5.7104907,-5.9804907,-5.6704907,-5.050491,-5.130491,-5.550491,-5.8904905,-6.130491,-5.6904907,-6.090491,-3.5404906,0.21950927,0.8095093,-0.08049072,1.2195092,0.8495093,0.22950928,0.6795093,0.8095093,1.1495093,2.2395093,2.7295094,4.949509,2.9495094,0.6195093,9.379509,14.73951,15.0695095
-1.5304908,-3.0204906,-3.9604907,-4.3304906,-3.9504907,-5.490491,-3.6604908,-3.8704908,-4.970491,-4.6504908,-3.8404908,-2.9504907,-3.1204908,-2.1204908,-1.5204908,-0.66049075,-1.3104907,-2.1104908,-3.5104907,-5.490491,-6.2304907,-7.200491,-9.570491,-9.370491,-7.760491,-6.1404905,-4.5804906,-4.0404906,-3.9304907,-3.7704906,-4.6704907,-5.070491,-4.820491,-4.630491,-4.6904907,-5.030491,-4.990491,-4.740491,-2.8304908,-0.91049075,-0.34049073,-0.9004907,-0.30049074,-4.9072265E-4,-0.16049072,-0.17049073,0.7795093,0.64950925,1.0795093,1.9095093,3.7695093,3.8695092,3.5395093,3.8695092,7.2695093,7.2695093,9.649509,9.539509
-1.4404907,-2.9404907,-3.1104908,-3.9804907,-4.510491,-3.3304908,-3.9404907,-4.0604906,-4.990491,-5.320491,-5.1504908,-4.530491,-0.110490724,-0.17049073,0.20950928,-0.7004907,0.69950926,-0.79049075,-3.7904906,-4.7304907,-6.6504908,-7.590491,-9.790491,-9.560491,-8.55049,-7.220491,-5.1904907,-3.3304908,-3.7604907,-2.6504908,-3.5204906,-3.8704908,-4.340491,-3.6304908,-2.9804907,-3.0004907,-2.4304907,-1.6004907,-0.9704907,-1.1104907,-1.4604907,-0.41049072,-0.14049073,-0.6304907,-0.43049073,-0.6504907,0.069509275,1.7495093,2.9395094,4.029509,2.1295092,2.3695092,2.0895092,3.3395092,3.1395092,5.5595093,6.3595095,6.4995093
-2.8204908,-1.6304908,-0.6904907,-3.4704907,-4.4404907,-5.220491,-4.800491,-5.3304906,-6.260491,-5.0004907,-4.4204907,0.24950927,0.31950927,-0.27049074,-1.1304908,-1.4004908,-0.20049073,-1.0104908,-4.450491,-5.7704906,-6.0204906,-7.050491,-8.110491,-7.780491,-6.6804905,-5.6204906,-4.820491,-4.4204907,-4.5204906,-3.6304908,-2.5904908,-1.9604907,-2.0204906,-1.7104907,-1.2804908,-1.2404907,-1.6104907,-1.7304907,-1.0804907,-1.0604907,-0.91049075,-1.3604907,-1.6704907,-1.5804907,-0.020490723,0.6095093,2.4595094,1.8395092,3.3895092,2.0995092,0.37950927,-0.43049073,0.6095093,1.5695093,3.3295093,3.7395093,3.6895094,3.0495093
-1.7104907,-1.0104908,-0.7604907,-2.4504907,-5.780491,-8.450491,-6.510491,-5.530491,-4.800491,-3.8504908,-2.2304907,-2.0704908,-1.2804908,-1.0904907,-0.49049073,-1.3304907,0.11950928,0.6595093,-2.4304907,-4.6504908,-4.470491,-4.340491,-4.4804907,-4.820491,-5.220491,-5.4604907,-4.8504906,-3.2104907,-1.9104908,-1.4304907,-1.6504908,-1.4904907,-1.2004907,-2.0004907,-1.9104908,-1.5604907,-1.5404907,-1.4404907,-1.9704907,-2.1104908,-2.6104908,-2.9604907,-3.1304908,-0.38049072,3.6995094,1.2995093,2.5895092,1.4095093,0.16950928,-1.1404908,-0.5304907,-0.14049073,-0.3604907,1.5195093,1.8295093,1.1095092,0.50950927,-0.40049073
-0.9704907,-3.1604908,-1.2104907,-2.2204907,-7.130491,-7.550491,-5.8704906,-4.6504908,-3.0804908,-2.4604907,-3.1804907,-3.9604907,-2.9404907,-1.5504907,0.17950928,0.6895093,0.64950925,0.28950927,-0.37049073,-1.9204907,-2.9904907,-3.7404907,-4.340491,-3.6504908,-3.0704908,-2.5404906,-2.4004908,-2.3204908,-1.4504907,-1.0804907,-0.92049074,-0.99049073,-0.8804907,-1.4004908,-1.5604907,-2.1604908,-1.8004907,-2.1504908,-2.8004906,-3.1704907,-2.8704908,-1.0304908,2.2395093,0.9995093,1.4895092,1.0595093,0.23950928,-0.6504907,-0.91049075,-2.2504907,-2.6704907,-2.6404908,-0.79049075,1.0995092,-0.46049073,-1.8904908,-2.8704908,-3.7204907
-3.8204908,-5.9604907,-4.2304907,-1.7904907,-3.9104908,-7.2504907,-6.780491,-4.6004906,-3.9604907,-4.8704906,-4.0604906,-2.2004907,-0.44049072,-0.070490725,0.64950925,0.9095093,1.3895093,1.3495092,0.5995093,-0.26049072,-1.2204907,-2.1604908,-2.5704908,-2.5004907,-2.8004906,-1.9604907,-1.8304907,-1.4604907,-1.4204907,-1.2304907,-0.8304907,-0.40049073,-0.8804907,-0.4804907,-1.3504907,-1.9604907,-1.9304907,-2.7804906,-1.8904908,-0.5904907,1.7395092,0.9995093,0.6595093,0.69950926,0.4195093,-0.18049072,-1.5304908,-2.8004906,-4.3304906,-4.0004907,-3.4604907,-2.8504908,1.0295093,-0.10049072,-1.9104908,-3.7704906,-4.8704906,-5.450491
-5.4604907,-7.6404905,-7.1204906,-3.6004908,-5.6404905,-6.6004906,-6.7104907,-6.2904906,-5.7104907,-5.300491,-3.7904906,-2.2504907,-1.5704907,-0.21049072,1.3195093,1.6995093,2.0995092,3.1095092,3.2595093,1.3495092,0.09950928,-0.110490724,0.21950927,-1.1504908,-1.9304907,-1.3504907,-0.9004907,-1.1104907,-0.38049072,0.34950927,0.7495093,0.30950928,-0.25049073,-0.8104907,-1.6804907,-1.9604907,-1.0604907,-0.4204907,2.8395092,1.7495093,0.15950927,-0.020490723,-0.6904907,-0.7204907,-1.4504907,-2.3704908,-3.5404906,-4.380491,-3.7904906,-3.8604908,-3.1404908,-2.7304907,-0.5104907,-1.1104907,-2.7704906,-4.5604906,-6.1904907,-7.5404906
-6.340491,-9.140491,-8.790491,-5.4804907,-6.450491,-7.110491,-5.700491,-7.010491,-7.800491,-7.0404906,-5.7704906,-3.9204907,-1.5904907,-0.16049072,1.0795093,-0.060490724,-0.29049072,-1.0804907,0.64950925,0.7995093,-0.060490724,0.89950925,0.5595093,0.27950928,0.5395093,0.7395093,0.16950928,1.6695093,2.5495093,0.9695093,0.45950928,0.48950928,-0.8204907,-1.4604907,-1.1404908,-0.020490723,2.3395092,0.75950927,-0.22049072,-0.47049072,-1.3904908,-1.2504907,-1.7804908,-1.3904908,-2.4804907,-3.8904908,-4.860491,-4.5604906,-4.3704906,-2.4604907,-2.6304908,-3.7004907,-1.5904907,-1.9204907,-3.4104908,-5.360491,-6.5404906,-7.1204906
-6.200491,-8.370491,-7.220491,-6.2104907,-6.5204906,-7.6704907,-8.290491,-9.870491,-11.100491,-12.100491,-10.810491,-2.9404907,7.949509,9.36951,3.5795093,5.549509,3.6295092,8.999509,8.359509,3.1795092,7.6095095,2.2895093,2.0595093,0.8595093,1.2395092,1.2395092,1.5695093,0.64950925,-0.22049072,-0.020490723,-0.44049072,-1.2204907,-1.1304908,-0.8904907,-0.61049074,-0.34049073,-0.38049072,-0.5104907,-1.0004907,-0.98049074,-2.1204908,-2.0104907,-1.4304907,-2.4404907,-3.3304908,-4.3304906,-5.1004906,-4.8904905,-0.6904907,-2.3304908,-5.0604906,-6.510491,-3.5604906,-2.1304908,-2.8304908,-4.4004908,-5.5604906,-5.7704906
-5.260491,-6.5604906,-7.030491,-6.7504907,-6.9104905,-8.13049,-9.200491,-11.190491,-14.580491,-16.57049,-9.34049,11.849509,14.709509,11.929509,10.549509,7.179509,8.019509,5.1095095,6.119509,3.7695093,4.4395094,3.8795092,2.9595094,2.2995093,1.8395092,2.0695093,1.7795093,1.0795093,1.5795093,0.64950925,0.89950925,-0.40049073,-0.91049075,-1.8504907,-1.2904907,-0.5004907,-1.4904907,-1.5104908,-1.6004907,-1.8304907,-2.1504908,-1.2604908,-2.5704908,-2.4604907,-2.0404906,-4.5604906,-5.360491,-3.9604907,-1.8204907,-2.4604907,-6.360491,-8.690491,-5.3704906,-2.8404908,-3.1104908,-3.7604907,-4.130491,-3.0704908
-3.9404907,-5.1204906,-5.6404905,-6.1204906,-6.840491,-8.160491,-9.060491,-10.370491,-12.900491,-14.370491,-16.16049,10.429509,16.99951,13.73951,11.90951,8.859509,7.449509,6.219509,4.6295094,3.6295092,3.5095093,3.5995092,3.5695093,2.9395094,2.7595093,2.0695093,1.9095093,1.3995093,1.9395093,0.5495093,-0.38049072,-1.0804907,-1.0604907,-1.0904907,-1.8104907,-1.5604907,-1.6304908,-2.4204907,-1.6604908,-1.2604908,-2.2104907,-3.2204907,-2.6804907,-2.8704908,-3.2604907,-5.970491,-5.5204906,-2.7704906,-2.0704908,-4.9104905,-5.240491,-5.9004908,-5.0004907,-3.2404907,-3.1704907,-3.3904908,-2.8804908,-2.9404907
