images/wind850/850wind_006.json
{"header": { "discipline":0, "disciplineName":"Meteorological products", "gribEdition":2, "gribLength":81146, "center":7, "centerName":"US National Weather Service - NCEP(WMC)", "subcenter":0, "refTime":"2025-08-06T00:00:00.000Z", "significanceOfRT":1, "significanceOfRTName":"Start of forecast", "productStatus":0, "productStatusName":"Operational products", "productType":1, "productTypeName":"Forecast products", "productDefinitionTemplate":0, "productDefinitionTemplateName":"Analysis/forecast at horizontal level/layer at a point in time", "parameterCategory":2, "parameterCategoryName":"Momentum", "parameterNumber":3, "parameterNumberName":"V-component_of_wind", "parameterUnit":"m.s-1", "genProcessType":2, "genProcessTypeName":"Forecast", "forecastTime":6, "surface1Type":100, "surface1TypeName":"Isobaric surface", "surface1Value":85000.0, "surface2Type":255, "surface2TypeName":"Missing", "surface2Value":0.0, "gridDefinitionTemplate":0, "gridDefinitionTemplateName":"Latitude_Longitude", "numberPoints":65160, "shape":6, "shapeName":"Earth spherical with radius of 6,371,229.0 m", "gridUnits":"degrees", "resolution":48, "winds":"true", "scanMode":0, "nx":360, "ny":181, "basicAngle":0, "lo1":0.0, "la1":90.0, "lo2":359.0, "la2":-90.0, "dx":1.0, "dy":1.0 }, "data":
[rows 78 to 103 of 181, columns 120 to 179 of 360]
-2.2371802,0.48281983,-3.89718,-2.7371802,-0.6071802,0.56281984,0.36281982,1.2928199,2.6528199,4.89282,6.0528197,4.60282,3.4328198,3.12282,2.9928198,1.4728198,-0.33718017,-0.7271802,-0.7671802,1.4528198,3.4528198,3.14282,3.9228199,5.27282,4.5928197,5.24282,4.04282,2.8028197,1.8628198,0.74281985,0.5328198,0.27281982,-0.0071801757,0.38281983,0.21281983,0.7628198,0.62281984,1.8928199,2.2128198,1.3528198,2.5028198,0.7028198,-0.45718017,-0.9771802,-1.8071802,-2.0371802,-1.2671802,-0.47718018,-1.5071802,-2.1871803,-0.5871802,-0.8971802,-1.6971802,-2.0271802,-1.0971801,1.0728198,1.1828198,1.8028198,2.0528197,2.3228197
-0.3771802,-1.9971802,-3.14718,-1.1971802,0.16281982,-0.09718017,-1.5571802,0.75281984,2.4428198,4.43282,4.93282,3.5728197,3.9128199,3.0028198,2.14282,1.2728199,-2.5171802,-0.46718016,-0.17718017,-0.3471802,2.4728198,3.4328198,4.50282,5.26282,4.9228196,4.93282,3.5328197,2.7428198,1.7128198,0.42281982,-0.41718018,-0.68718016,-0.29718018,0.06281982,0.11281982,-0.037180174,0.99281985,1.7028198,1.0728198,1.4528198,2.2428198,0.08281983,-1.0571802,-1.3571801,-1.5171802,-1.2671802,-1.2171801,-0.9171802,-1.3771802,-0.74718016,-0.9771802,-1.5071802,-1.8571801,-2.4571803,-1.0171802,1.5828198,1.8028198,3.1828198,2.9228199,4.27282
-0.047180176,0.122819826,-0.69718015,0.55281985,2.0528197,-0.86718017,0.5428198,1.7228198,2.3228197,3.4928198,3.9628198,4.00282,3.4128199,3.7328198,3.34282,1.1828198,-1.2471802,-0.14718017,-0.82718015,0.18281983,1.3928199,1.9828198,3.12282,5.39282,4.0728197,4.02282,3.0028198,2.5328197,1.4728198,1.2328198,0.49281982,-0.46718016,0.42281982,0.20281982,0.9728198,0.7828198,0.7828198,1.4628198,0.45281982,1.0328199,1.9228199,-0.55718017,-0.7271802,-1.3071802,-1.1771802,-0.7671802,0.052819826,0.35281983,-0.75718015,-0.5371802,0.10281982,-1.7471802,-1.5571802,-0.8971802,-0.12718017,1.7728199,2.7928197,2.88282,2.7728198,3.7928197
1.0328199,0.7028198,0.15281983,0.32281983,1.7328198,1.7628198,1.0228199,2.14282,3.5728197,3.34282,2.58282,3.09282,5.0328197,6.22282,3.2428198,2.1628199,3.5428197,0.5828198,-0.9571802,-0.09718017,0.8228198,4.47282,3.7628198,5.41282,3.0328197,3.5528197,2.9128199,2.13282,1.4028199,0.6428198,0.31281984,-0.22718018,-0.027180176,-0.087180175,0.26281983,0.5728198,0.39281982,0.7328198,0.7328198,1.9228199,1.2628198,0.6528198,-0.68718016,-0.48718017,-0.44718018,0.47281983,1.3728198,1.1828198,0.24281983,-0.037180174,-0.3771802,-0.30718017,-0.33718017,0.18281983,2.2728198,4.49282,4.1728196,3.7928197,3.0428197,1.4928198
1.1128198,0.86281985,1.4728198,0.81281984,2.4728198,0.9828198,1.1928198,0.27281982,3.9228199,3.2028198,2.5028198,3.9028199,6.16282,2.38282,1.7228198,-0.12718017,2.6728199,-0.49718016,-0.43718016,0.26281983,1.0328199,4.4428196,3.89282,3.7328198,3.4528198,3.2128198,2.86282,1.8628198,1.3028198,1.0128198,0.47281983,0.4628198,0.21281983,0.5128198,0.75281984,1.1728199,0.74281985,0.26281983,2.2528198,2.4028199,1.6328198,0.7328198,-0.26718017,-0.5371802,-0.61718017,0.35281983,0.93281984,1.2728199,0.8528198,0.0028198243,-0.5471802,-0.27718017,0.63281983,2.1528199,4.14282,4.8428197,4.54282,4.0728197,3.9028199,3.4428198
2.4828198,1.7028198,0.8528198,0.99281985,0.75281984,-1.1671802,1.4628198,3.60282,4.1328197,3.2028198,2.9228199,4.83282,2.7228198,3.2228198,-0.6071802,-2.40718,1.3028198,0.6428198,1.3128198,1.7828199,2.1928198,4.24282,3.6728199,2.83282,3.1528199,2.1928198,1.5328199,1.0128198,0.6028198,0.9528198,0.88281983,0.62281984,0.75281984,0.29281983,0.56281984,0.9828198,0.45281982,0.86281985,2.2028198,2.34282,1.5428199,1.2428198,-0.06718018,0.14281982,0.39281982,0.6528198,1.1928198,0.9828198,0.74281985,0.27281982,0.49281982,1.1028198,2.5628197,3.6828198,4.3228197,4.7828197,4.35282,3.5228198,3.59282,3.0628197
2.7628198,2.6628199,3.0128198,1.3528198,0.69281983,-0.19718018,2.83282,4.1128197,3.6928198,3.2628198,3.2128198,2.0028198,1.3328198,0.9528198,1.0228199,0.022819825,1.2628198,2.0328197,2.4728198,3.09282,1.7728199,3.0128198,3.0528197,3.4628198,2.5128198,1.8728198,1.5728198,0.9528198,0.7128198,0.8228198,1.2328198,1.1928198,1.0928198,0.50281984,0.39281982,0.87281984,1.1228198,1.2828199,1.6028198,1.5328199,0.86281985,1.0928198,0.06281982,-0.2871802,-0.09718017,0.93281984,1.3228198,1.1928198,1.0728198,1.2828199,1.5328199,2.4928198,3.2228198,3.6828198,4.0328197,4.14282,3.6728199,3.37282,3.58282,1.6728199
3.5528197,1.1728199,-0.38718018,3.0028198,1.3028198,1.3128198,3.7828197,4.3228197,4.0528197,3.2528198,2.87282,2.0228198,0.62281984,1.2328198,3.0528197,2.9128199,1.3128198,3.14282,3.8028197,2.5528197,2.4028199,2.7828197,3.1828198,3.7428198,2.2028198,1.9228199,1.9028199,1.0128198,0.56281984,0.38281983,0.5828198,0.55281985,0.94281983,0.68281984,0.16281982,0.29281983,0.7328198,0.7828198,1.4528198,1.1628199,0.86281985,0.67281985,-0.15718018,0.22281982,-0.13718018,0.18281983,1.0828198,1.9028199,1.8728198,2.0228198,2.3128197,2.7228198,2.88282,2.8228197,2.9328198,3.4628198,2.87282,1.7428198,1.8828198,1.7428198
2.37282,0.21281983,2.4728198,2.9128199,2.6628199,3.2928197,2.0628197,4.6128197,3.6628199,3.0528197,3.37282,2.6628199,3.1728199,2.38282,4.02282,5.35282,4.35282,3.9728198,3.12282,3.2128198,2.7128198,3.2428198,3.63282,2.4628198,2.86282,1.3328198,1.5628198,1.1928198,0.7228198,0.24281983,0.48281983,0.5228198,0.10281982,0.022819825,0.012819824,0.092819825,0.042819824,0.56281984,1.5728198,1.7928199,1.0328199,0.18281983,0.7228198,0.63281983,0.33281982,0.61281985,1.8728198,2.5728197,2.6928198,2.0128198,1.8928199,2.35282,2.59282,3.0628197,2.8128197,2.9328198,2.5228198,2.3028197,1.7728199,1.8028198
-0.7371802,1.0728198,4.1728196,4.1128197,2.11282,3.6728199,5.37282,4.8028197,2.2328198,2.2028198,2.09282,2.1528199,1.9628198,4.25282,4.98282,4.81282,3.7128198,3.7928197,2.9328198,3.0028198,2.2828197,2.4528198,2.87282,2.33282,2.3128197,2.0128198,2.13282,1.3728198,0.47281983,0.35281983,0.3728198,0.14281982,0.07281982,0.4028198,0.47281983,0.49281982,0.35281983,0.93281984,0.74281985,1.0928198,0.7728198,0.5128198,-0.24718018,0.63281983,1.0728198,1.4628198,1.2028198,0.9028198,0.5428198,1.8728198,1.9728198,2.8228197,2.7028198,3.0628197,2.5328197,2.2528198,2.6728199,1.7928199,0.94281983,0.50281984
1.3428198,0.092819825,0.8328198,3.9328198,3.60282,3.6928198,6.6328197,2.5128198,1.2428198,2.60282,2.88282,1.6328198,0.7928198,2.7928197,4.47282,4.23282,3.8128197,3.4628198,3.4728198,2.38282,2.4128199,2.2628198,2.4728198,2.0128198,1.8628198,1.9028199,1.2428198,2.2728198,0.9528198,0.3428198,0.47281983,0.44281983,0.30281982,0.0028198243,-0.17718017,-0.46718016,-0.6571802,-0.16718018,1.0828198,0.5928198,-0.20718017,-0.62718016,0.75281984,-0.43718016,-0.117180176,0.052819826,1.3928199,1.9728198,2.2828197,2.2628198,2.0728197,2.6928198,3.1828198,2.62282,2.5028198,1.9828198,1.4228199,1.3228198,0.5928198,0.5728198
2.1628199,0.122819826,0.81281984,6.1728196,2.6528199,3.5628197,6.39282,2.9928198,-0.25718018,4.25282,1.9228199,0.7128198,0.7728198,1.7428198,2.2128198,3.5628197,3.1628199,4.02282,3.0128198,2.9128199,2.84282,2.9828198,2.62282,2.2128198,2.4928198,2.0328197,1.6528199,1.2328198,1.0928198,0.8428198,0.7928198,0.81281984,0.93281984,0.7228198,0.24281983,0.10281982,-0.24718018,0.67281985,1.3628198,0.08281983,-0.7271802,-0.17718017,1.0528198,0.19281982,-0.15718018,0.7828198,1.7828199,1.6428199,2.35282,1.7928199,2.6928198,3.1528199,2.5728197,2.6928198,2.2528198,1.6428199,1.7028198,1.3328198,1.1728199,0.5728198
-0.17718017,-0.5171802,1.3228198,6.08282,7.1728196,2.5428197,7.08282,1.9328198,1.6328198,4.14282,3.4028199,1.9528198,2.10282,-1.9071802,0.35281983,1.5428199,1.7028198,2.9328198,3.0228198,3.0328197,3.2228198,2.7528198,3.2228198,2.5328197,1.9128199,2.2928197,2.09282,1.6228198,1.5128198,1.1828198,0.81281984,0.07281982,0.6428198,0.7728198,1.3028198,1.0728198,-0.7771802,-0.8471802,-1.1671802,-0.6571802,-0.56718016,0.63281983,1.1128198,0.5728198,0.94281983,0.99281985,1.7728199,2.5128198,1.9428198,1.5628198,2.61282,2.5728197,2.09282,2.1728199,1.9028199,2.36282,1.6928198,0.80281985,0.93281984,0.41281983
-1.2271801,2.9128199,2.9328198,4.72282,7.62282,3.2628198,7.51282,0.61281985,1.4328198,5.5528197,4.1528196,2.5228198,2.34282,-1.1271802,-0.20718017,0.49281982,-0.20718017,1.0028198,1.9028199,2.8228197,2.89282,2.11282,2.62282,2.60282,2.0328197,2.0428197,2.2728198,1.5028198,1.5428199,1.5028198,0.8428198,0.3728198,0.55281985,0.7828198,0.28281984,1.1728199,2.0128198,1.7228198,1.2028198,0.6428198,0.42281982,1.0628198,1.0828198,1.3628198,2.4828198,2.58282,2.1528199,0.94281983,0.80281985,1.8928199,1.8528198,2.5028198,2.1828198,2.0128198,2.0428197,2.4828198,1.6428199,1.7828199,0.9828198,0.18281983
-0.7371802,0.74281985,1.6628199,4.6128197,5.91282,4.33282,3.4528198,5.4028196,1.7028198,4.1128197,6.9428196,4.06282,4.45282,1.5928198,0.48281983,-0.6671802,-1.4371802,0.0028198243,1.2428198,2.9128199,4.14282,2.9128199,2.9728198,2.7128198,1.9228199,1.7728199,1.9828198,1.3628198,2.12282,1.2028198,1.2928199,0.9628198,0.8928198,0.99281985,0.8228198,0.3728198,1.0428199,1.5728198,2.0028198,1.5828198,1.6828198,1.4628198,1.3528198,1.5828198,1.8928199,1.7428198,2.11282,1.6428199,1.8328198,2.4928198,1.8628198,2.35282,2.59282,2.38282,2.36282,1.7128198,0.88281983,0.9528198,0.74281985,0.19281982
-0.47718018,-0.6471802,2.10282,4.6928196,3.5328197,6.29282,-0.61718017,5.02282,4.0328197,4.4228196,6.25282,7.26282,3.4428198,5.0528197,-0.69718015,-0.75718015,-0.9071802,-0.7271802,-0.41718018,-0.5471802,0.68281984,0.07281982,3.2628198,3.2928197,3.2728198,3.1928198,1.9328198,1.4828198,1.5928198,0.55281985,0.25281984,-0.82718015,1.6628199,1.1728199,0.032819822,0.68281984,0.5928198,1.4728198,1.6228198,1.8028198,2.10282,2.2228198,2.3228197,2.5728197,2.2128198,1.8728198,1.6728199,1.8228198,1.5528198,2.0428197,2.0628197,1.7928199,2.9728198,2.9728198,2.34282,0.55281985,0.08281983,-0.2871802,-0.9571802,-0.74718016
2.2528198,2.2428198,1.2828199,3.2528198,2.7028198,3.9228199,4.8828197,2.84282,3.85282,3.7128198,4.18282,5.56282,4.79282,2.9028199,4.24282,1.7928199,0.33281982,0.23281983,-0.47718018,-1.8971802,-2.5671802,-1.6171802,-0.5171802,-0.94718015,0.6028198,6.3428197,5.06282,3.2028198,1.9528198,1.3828198,2.3128197,0.3728198,1.1328198,2.1528199,0.20281982,-0.18718018,0.10281982,0.7128198,1.9128199,2.9528198,2.8228197,3.4428198,3.13282,3.1928198,2.7428198,2.88282,2.3128197,2.4428198,2.4528198,1.9628198,2.3228197,2.13282,2.7728198,2.4128199,1.3228198,0.93281984,0.56281984,-1.1271802,-1.4471802,-0.7771802
2.7828197,0.9828198,1.1828198,2.63282,2.3128197,1.9228199,4.5928197,3.14282,1.5128198,2.4928198,4.0528197,4.56282,3.38282,2.9628198,2.7228198,2.5428197,0.8228198,0.13281983,3.0328197,2.7128198,1.2328198,-0.44718018,-1.3371801,-1.4171802,-2.7471802,2.0228198,3.08282,5.87282,5.04282,4.3428197,2.2428198,1.4128199,1.7928199,-1.7771802,0.36281982,1.5428199,0.32281983,0.62281984,1.2028198,1.4728198,2.12282,2.14282,2.0228198,2.0328197,3.4128199,2.9528198,3.11282,2.3128197,2.1828198,3.0428197,2.34282,2.0728197,2.39282,1.1028198,0.7628198,0.3728198,0.122819826,-1.8971802,-1.1271802,-1.3971802
0.80281985,1.0428199,1.0628198,1.5628198,2.7028198,2.09282,3.3228197,3.1928198,4.02282,3.5328197,4.0728197,4.25282,2.9128199,1.8928199,1.1728199,1.6028198,0.6428198,1.0428199,2.5228198,3.9528198,2.7328198,1.8428198,1.0528198,1.3028198,0.44281983,0.5828198,4.10282,0.5828198,7.35282,5.3028197,2.5428197,0.24281983,-0.45718017,-2.16718,0.94281983,-0.6571802,0.7228198,0.5428198,1.2128198,2.2328198,1.4528198,2.12282,2.1528199,1.7828199,1.4828198,2.37282,3.1528199,2.6728199,2.6828198,3.89282,3.34282,2.1828198,1.3828198,0.47281983,0.7228198,0.8928198,-0.42718017,-1.9271802,-1.8871802,-1.6971802
0.27281982,0.9028198,0.63281983,2.2128198,2.59282,1.3128198,3.2628198,3.36282,3.09282,3.58282,2.7428198,5.9428196,3.3228197,1.8228198,1.4028199,0.35281983,-0.19718018,-0.25718018,0.87281984,2.10282,2.86282,2.7128198,2.8228197,2.6828198,2.5528197,1.4328198,-0.19718018,1.2928199,3.7028198,3.37282,1.7928199,0.49281982,0.38281983,-0.30718017,-0.4071802,-0.8371802,-0.87718016,0.9128198,0.6628198,2.1728199,2.09282,1.9928198,2.0628197,2.14282,1.6128198,1.4928198,1.0228199,2.5628197,2.13282,2.9428198,2.84282,2.2728198,1.5728198,0.9528198,1.8428198,0.33281982,-1.2271801,-1.8171802,-2.2171803,-2.5471802
2.14282,3.7328198,2.83282,2.6728199,1.2528198,2.2228198,2.9828198,5.64282,3.2328198,1.1728199,1.7228198,1.7928199,1.6128198,1.0628198,-0.38718018,-0.19718018,0.24281983,0.42281982,-0.57718015,-0.7871802,0.67281985,1.3728198,2.89282,2.59282,1.1628199,2.11282,-1.9571801,-1.1171802,0.62281984,2.36282,5.1928196,6.18282,2.0328197,1.5128198,1.5328199,1.8928199,0.0028198243,-0.38718018,0.6628198,-0.087180175,1.6728199,2.11282,1.4728198,1.4128199,1.4528198,0.92281985,0.9728198,0.88281983,1.2628198,0.9128198,1.5428199,2.37282,1.2928199,0.10281982,0.68281984,-0.7171802,-1.2171801,-1.4271802,-2.3371801,-2.87718
1.7828199,-0.42718017,0.042819824,-0.29718018,3.7028198,2.62282,-0.68718016,2.4728198,1.9328198,0.9028198,0.8528198,0.7928198,0.22281982,0.32281983,0.28281984,0.20281982,0.7328198,0.5228198,0.7028198,0.31281984,-0.62718016,-0.9571802,-1.4371802,0.25281984,0.4328198,3.2328198,-1.8971802,1.0528198,-2.7671802,0.81281984,1.7428198,4.08282,4.04282,2.4428198,2.2628198,2.0328197,1.5128198,1.7428198,0.87281984,-0.6571802,0.8228198,0.9028198,0.99281985,1.7928199,1.4628198,1.3628198,0.6628198,0.28281984,-0.06718018,0.49281982,0.5728198,1.0928198,0.7828198,0.06281982,-0.6671802,-0.45718017,-1.8571801,-2.85718,-2.9571803,-2.7571802
-0.5171802,0.68281984,1.5128198,1.2428198,-1.7071801,-1.8871802,-0.88718015,1.1028198,0.81281984,1.8228198,2.0728197,2.10282,1.7428198,0.6028198,0.0028198243,0.9128198,1.4528198,1.6428199,1.7828199,0.75281984,2.0028198,2.1828198,0.7328198,0.55281985,1.1228198,2.0028198,1.9028199,-0.7071802,0.5428198,-0.10718018,1.4228199,1.1628199,1.3428198,0.69281983,0.9528198,0.5728198,0.36281982,0.47281983,-0.18718018,0.29281983,0.8428198,-0.30718017,1.4128199,1.6128198,2.0028198,0.5128198,1.5728198,0.33281982,-0.23718017,-0.06718018,-0.50718015,-0.3771802,0.122819826,-0.3771802,-0.9071802,-1.2371802,-1.6371802,-2.7171803,-3.12718,-3.8471801
0.33281982,0.63281983,-0.68718016,-1.4471802,-0.33718017,0.08281983,-1.4071802,-0.6571802,1.1228198,2.13282,2.2128198,3.0628197,2.13282,1.8428198,0.92281985,1.3628198,1.4328198,1.0928198,1.3028198,1.9628198,1.8128198,2.6728199,4.74282,2.86282,2.8028197,2.2028198,1.9528198,1.5128198,-0.22718018,-1.7871802,-0.2871802,-0.23718017,0.22281982,0.29281983,-0.15718018,0.7028198,-0.47718018,-0.8471802,0.16281982,0.6628198,-0.17718017,-0.88718015,-1.7071801,-0.5271802,0.33281982,-0.63718015,1.4028199,-0.017180176,0.29281983,0.33281982,0.36281982,-0.027180176,-0.9271802,-0.8971802,-0.9671802,-3.0371802,-2.8071802,-2.9471803,-2.7171803,-3.5071802
0.032819822,-0.9771802,-1.1171802,-0.9571802,-2.2071803,-2.2071803,-1.3671802,0.15281983,0.38281983,0.41281983,0.092819825,0.7328198,1.9028199,1.2028198,5.1328197,6.35282,4.54282,0.35281983,0.6428198,1.4728198,1.6028198,2.58282,3.5528197,4.31282,3.9528198,4.14282,3.0228198,2.2728198,1.1028198,0.7728198,1.5428199,1.1128198,0.5428198,0.74281985,0.012819824,-0.43718016,0.15281983,-0.41718018,-0.47718018,-0.9671802,-1.9771801,-1.8271801,-1.7371802,-1.2471802,-1.1771802,-0.7171802,-1.2571802,-0.5371802,-1.2271801,-0.027180176,0.69281983,-0.22718018,-0.42718017,-0.75718015,-1.4571801,-0.7971802,-2.8171802,-3.66718,-4.33718,-4.37718
-0.81718016,-1.7571802,-2.13718,-2.15718,-1.7671802,-0.87718016,-1.4371802,-0.6571802,1.3928199,2.2028198,2.0228198,0.14281982,0.88281983,0.4628198,1.0928198,1.9028199,0.9528198,0.7128198,0.55281985,0.44281983,0.9728198,0.26281983,1.0728198,2.4728198,4.50282,4.96282,4.91282,5.1328197,4.18282,4.06282,2.7228198,1.7928199,1.6228198,1.1528199,1.1228198,0.81281984,0.75281984,0.5128198,0.8328198,-0.10718018,-0.36718017,-0.18718018,-0.82718015,-0.69718015,-1.1871802,-1.3171802,-2.0571802,-1.2971802,0.18281983,0.14281982,-0.0071801757,0.7628198,-0.75718015,-2.3071802,-1.4771801,-1.5171802,-1.8271801,-3.0971801,-3.7271802,-3.87718
