images/wind850/850wind_018.json
{"header": { "discipline":0, "disciplineName":"Meteorological products", "gribEdition":2, "gribLength":81686, "center":7, "centerName":"US National Weather Service - NCEP(WMC)", "subcenter":0, "refTime":"2025-08-06T00:00:00.000Z", "significanceOfRT":1, "significanceOfRTName":"Start of forecast", "productStatus":0, "productStatusName":"Operational products", "productType":1, "productTypeName":"Forecast products", "productDefinitionTemplate":0, "productDefinitionTemplateName":"Analysis/forecast at horizontal level/layer at a point in time", "parameterCategory":2, "parameterCategoryName":"Momentum", "parameterNumber":3, "parameterNumberName":"V-component_of_wind", "parameterUnit":"m.s-1", "genProcessType":2, "genProcessTypeName":"Forecast", "forecastTime":18, "surface1Type":100, "surface1TypeName":"Isobaric surface", "surface1Value":85000.0, "surface2Type":255, "surface2TypeName":"Missing", "surface2Value":0.0, "gridDefinitionTemplate":0, "gridDefinitionTemplateName":"Latitude_Longitude", "numberPoints":65160, "shape":6, "shapeName":"Earth spherical with radius of 6,371,229.0 m", "gridUnits":"degrees", "resolution":48, "winds":"true", "scanMode":0, "nx":360, "ny":181, "basicAngle":0, "lo1":0.0, "la1":90.0, "lo2":359.0, "la2":-90.0, "dx":1.0, "dy":1.0 }, "data":
[rows 52 to 77 of 181, columns 59 to 117 of 360]
-3.3323388,-6.132339,-6.2623386,-7.752339,-10.292339,-11.992339,-9.002338,-6.7423387,-1.8723389,3.6076612,3.1576612,2.007661,-0.16233887,0.70766115,-1.9323388,-1.5923389,1.3076612,0.6076611,0.8576611,4.167661,2.587661,1.4276612,-0.32233888,-3.8523388,0.84766114,-2.3123388,0.23766114,-0.98233885,-0.41233885,-0.8723389,0.16766113,-0.11233887,-0.042338867,-1.9923389,-3.952339,-2.3023388,-0.022338867,0.40766114,2.787661,1.5776612,1.1076611,0.59766114,1.3776611,-1.6823388,-0.8823389,2.817661,2.777661,-0.67233884,2.2376611,0.38766113,-1.4923389,5.0276613,2.3576612,-0.14233887,0.5576611,1.1776612,1.4676611,-0.14233887,-1.1623389
-2.652339,-10.802339,-8.442339,-7.272339,-8.4223385,-9.252338,-8.302339,-3.3623388,2.3676612,1.0376611,-0.16233887,-0.80233884,-0.86233884,-1.8323388,-1.8323388,-1.1723388,-1.7023388,-1.3123388,-0.35233888,0.28766114,0.48766112,1.1476611,4.017661,1.9376612,0.39766112,-2.8823388,-0.47233886,-2.3923388,-2.492339,-2.152339,0.70766115,0.08766113,-0.8723389,0.71766114,-1.2223389,-4.592339,-2.722339,1.4076611,1.0276611,1.3276612,-0.8823389,0.76766115,0.42766112,-0.39233887,1.1576611,2.757661,0.90766114,1.9676611,0.77766114,0.06766114,0.35766113,5.6076612,1.0076611,0.6876611,0.35766113,3.1076612,1.8676611,0.45766112,0.047661133
-1.4723389,-10.792339,-14.522339,-13.212338,-9.222339,-11.492339,-10.332339,0.9976611,2.1476612,0.66766113,0.15766114,-0.8723389,-0.54233885,2.047661,1.2676611,2.067661,-0.6323389,-2.2923388,-0.14233887,-1.1123389,-1.4523388,1.2476611,0.26766112,0.28766114,-5.632339,-7.152339,-6.282339,-5.4723387,-0.61233884,-3.452339,-5.072339,-1.7523389,-1.4423388,-1.7023388,-2.152339,-2.6223388,-2.8523388,-2.472339,-1.5423388,-1.8223388,0.6176611,0.30766115,-0.32233888,0.9876611,-0.27233887,2.317661,0.72766113,0.21766113,-0.03233887,2.1476612,2.247661,2.777661,0.46766114,2.1676612,0.18766113,-0.83233887,-0.14233887,-0.36233887,1.3776611
-11.192339,-2.932339,-18.28234,-16.822338,-13.302339,-1.0823388,-1.5723388,-1.7423389,-1.9123389,-2.212339,-1.0523388,-1.0023389,-1.1323389,-1.5923389,-0.85233885,0.46766114,0.8176611,-1.6523389,-3.472339,-2.7923388,-2.6223388,-4.882339,-2.712339,-1.6623389,-6.942339,-7.672339,-2.3023388,-3.182339,-3.6423388,-4.4523387,-3.712339,-5.112339,-2.0623388,-2.692339,-5.102339,-1.2523389,-1.0423388,0.06766114,0.047661133,0.6076611,-1.0023389,0.23766114,3.1176612,1.0176611,-0.40233886,1.6576611,0.23766114,0.38766113,1.4376612,2.4676611,-1.8223388,1.0776612,6.617661,2.6776612,-1.2523389,0.077661134,-2.222339,0.38766113,0.17766114
-0.17233887,-11.762339,-21.152338,-17.522339,-1.7623389,-1.6023389,-2.5923388,-1.1523389,-1.5923389,-0.8923389,-2.222339,1.3376611,2.3976612,7.177661,0.32766113,-1.8923389,0.27766114,0.9876611,-0.36233887,0.64766115,-1.0723388,-2.672339,-2.402339,0.5676611,-3.3423388,-0.5023389,-1.7223389,-3.222339,-3.7723389,-2.982339,-0.5623389,-5.882339,-3.242339,-4.9923387,-1.9823389,-1.5523388,0.63766116,-0.29233888,-0.36233887,-1.1023389,0.34766114,-1.0423388,0.64766115,-1.0223389,-0.7023389,0.47766113,-0.8723389,-1.0023389,-0.84233886,-0.43233886,0.70766115,1.2476611,2.537661,1.1576611,-3.7823389,-0.60233885,-0.072338864,3.537661,1.3876611
-4.272339,-5.582339,-24.13234,-15.222339,0.48766112,-0.062338866,0.89766115,2.9076612,-0.29233888,2.6576612,2.507661,-0.102338865,6.2976613,7.127661,8.647661,2.7276611,-0.33233887,-0.43233886,0.35766113,0.8676611,3.837661,2.497661,-2.732339,-0.15233886,1.0676612,-1.5323389,0.19766113,1.3476611,-0.96233886,1.0676612,-0.47233886,1.7076612,0.43766114,2.257661,2.267661,1.2676611,2.847661,-0.80233884,-1.2723389,0.13766113,-1.8223388,0.26766112,-1.3323388,-1.1723388,1.7776611,1.1476611,-0.44233885,0.20766114,-1.4023389,1.3476611,1.1776612,0.017661132,2.9376612,2.6876612,1.8376611,1.2076612,2.317661,-0.66233885,2.287661
-4.582339,-5.712339,-28.71234,-6.062339,0.18766113,5.0076613,4.517661,-0.45233887,3.567661,0.57766116,-1.1723388,-0.062338866,9.457661,5.657661,6.3176613,6.077661,5.307661,-2.742339,0.0076611326,0.9876611,0.78766114,1.3276612,3.2176611,3.6776612,0.70766115,-1.4523388,0.22766113,-0.6323389,-0.47233886,-0.28233886,0.13766113,3.007661,0.8076611,1.1876612,-0.11233887,0.047661133,-0.66233885,0.5476611,1.0076611,-1.1723388,-0.33233887,0.5476611,1.0676612,1.7876611,0.82766116,-0.41233885,0.6176611,-0.8223389,-0.20233887,-0.33233887,0.6276611,0.58766115,2.017661,2.9376612,3.257661,2.9076612,2.3976612,-0.6823389,0.17766114
2.4076612,-12.092339,-16.082338,-9.262339,-1.4523388,2.807661,1.2676611,-0.90233886,-1.6323389,-1.2823389,4.467661,1.6876612,10.067661,5.697661,7.0676613,4.747661,3.517661,1.6876612,-2.2923388,-0.22233887,0.63766116,3.3976612,1.9376612,2.4176612,2.7176611,3.2376611,0.77766114,-1.0323389,0.6176611,0.8576611,0.8776611,0.36766112,1.5776612,2.9576612,2.1576612,2.527661,1.7776611,1.4376612,1.1276611,0.78766114,1.8476611,0.15766114,1.6376611,0.72766113,0.21766113,-1.6623389,0.17766114,2.4276612,1.4876611,2.9576612,0.32766113,0.6276611,1.3876611,2.3876612,3.037661,2.4176612,4.517661,1.9976611,9.467661
-8.852339,-1.0023389,-10.582339,-8.732339,-2.0223389,-0.19233887,-3.182339,-5.272339,0.8576611,1.9576612,9.637661,3.347661,6.847661,7.827661,6.5676613,4.807661,2.8676612,1.8276612,-0.41233885,-4.252339,-1.0623388,-1.3923389,1.2876611,-0.21233886,-0.16233887,1.6376611,1.1676612,1.7576611,1.9276612,1.1576611,1.2176611,1.7576611,-0.32233888,-0.042338867,0.9276611,1.2176611,0.59766114,0.8676611,1.0976611,-0.78233886,-0.32233888,1.7176611,0.78766114,0.25766113,-0.5623389,-0.41233885,1.2276611,0.9276611,2.577661,2.337661,2.3776612,1.0676612,0.41766113,1.7776611,1.6776612,1.3076612,1.0476612,3.9376612,13.487661
-12.102339,-8.052339,0.107661135,-11.332339,-5.9923387,-11.292339,-1.6823388,-3.232339,0.8776611,4.5276613,6.707661,4.657661,10.317661,8.977661,6.197661,3.517661,1.1276611,-0.73233885,0.14766113,-0.35233888,-4.332339,-2.682339,-0.6923389,-0.58233887,0.077661134,1.4876611,2.9276612,1.8276612,3.097661,2.6676612,2.6876612,2.7376611,2.9676611,3.9576612,1.0576612,1.5276611,0.33766115,0.34766114,0.107661135,1.6176611,1.7376611,1.6976612,0.95766115,-1.0023389,0.72766113,0.47766113,1.2876611,2.4576612,1.8976611,2.337661,1.9576612,1.0576612,0.8176611,0.96766114,4.5076613,4.497661,1.6376611,9.277661,11.157661
-14.902339,-4.922339,-5.622339,-0.97233886,-4.4123387,-8.122339,-3.0123389,4.667661,0.26766112,2.797661,0.7376611,5.597661,7.787661,6.3576612,5.807661,3.3876612,0.65766114,-1.3223388,-1.4423388,-0.7523389,-1.8323388,-3.7623389,-6.7223387,-2.462339,-0.41233885,-0.5723389,-0.44233885,-0.102338865,1.1376611,2.1176612,2.3676612,0.23766114,0.7476611,0.31766114,-0.6923389,-0.11233887,2.077661,1.8776611,-0.23233886,0.18766113,0.29766113,0.37766114,0.45766112,-1.4023389,0.18766113,0.8776611,0.18766113,3.2076612,3.067661,5.217661,3.4676611,5.147661,0.077661134,1.7676611,8.977661,9.877661,8.447661,11.927661,14.127661
-4.832339,-2.712339,2.1176612,3.1876612,-1.2323389,0.96766114,4.467661,6.307661,0.32766113,0.48766112,0.7576611,7.5476613,8.367661,8.207661,5.8576612,1.6676612,0.52766114,0.76766115,1.4976611,-0.72233886,-2.0123389,-3.6223388,-4.9323387,-5.0123386,-2.732339,-3.482339,-1.2123389,-1.9823389,-0.05233887,0.06766114,0.19766113,0.0076611326,-0.03233887,-0.08233887,1.4076611,5.457661,5.147661,-1.8023388,-1.4823389,0.6076611,0.66766113,1.2376611,1.2976612,-1.4123389,-0.012338867,0.26766112,1.0176611,1.8976611,5.4876614,9.727661,5.5476613,10.927661,-0.5123389,3.2376611,6.1076612,10.437661,7.5676613,14.217661,9.497662
-0.29233888,-0.67233884,-0.92233884,0.8676611,-0.30233887,-1.8123388,-1.6423389,-3.3723388,0.14766113,0.6276611,6.807661,9.617661,6.497661,5.697661,4.7776613,4.627661,0.8776611,-1.0623388,0.5476611,-1.7723389,-0.36233887,-0.48233888,-2.6223388,-2.652339,-2.5823388,-2.162339,-2.0923388,-3.742339,-5.0123386,-1.7523389,-0.72233886,0.6776611,1.3476611,1.7176611,3.057661,3.9176612,-0.44233885,4.4876614,0.7976611,2.1176612,0.12766114,1.1176611,0.05766113,0.57766116,0.38766113,0.11766113,0.09766113,2.097661,4.497661,8.227661,6.617661,6.597661,10.767661,11.397661,10.487661,6.787661,13.477661,11.937661,7.0076613
-2.5223389,-3.702339,0.47766113,-0.14233887,-1.1123389,-0.29233888,-0.73233885,-1.0223389,2.1976612,4.7976613,7.877661,8.927661,7.9876614,7.227661,4.7376614,3.6176612,1.7276611,0.21766113,1.4076611,-0.96233886,0.0076611326,-0.6223389,-2.902339,-0.79233885,-1.9523388,-2.3623388,-3.1123388,-4.7023387,-5.732339,-4.532339,-3.672339,0.76766115,0.19766113,2.3876612,3.7276611,-0.98233885,2.6576612,2.307661,2.787661,-0.14233887,-0.72233886,0.88766116,1.3976611,0.59766114,-0.26233888,-0.05233887,-0.23233886,2.1076612,9.807661,11.967661,13.097661,14.0776615,8.227661,7.037661,7.3176613,10.897661,10.477661,9.797661,5.897661
0.09766113,-0.16233887,1.0276611,1.3376611,0.6776611,0.24766113,1.3276612,1.6076611,3.757661,5.3176613,6.467661,7.227661,6.207661,5.477661,2.827661,2.067661,1.6376611,0.43766114,0.22766113,-0.83233887,-0.012338867,-1.8823389,-2.0123389,-2.7923388,-2.3823388,-3.202339,-5.122339,-4.602339,-3.942339,-3.172339,-2.8723388,-1.7523389,-0.31233886,1.6676612,1.7376611,-1.4723389,1.1476611,4.207661,4.177661,3.8976612,1.1176611,1.1076611,1.2576611,1.3476611,1.1476611,-0.062338866,1.5576612,3.497661,9.667661,10.0776615,14.867661,10.297661,10.997662,8.497662,9.377661,9.227661,10.687661,8.347661,7.347661
-0.37233886,-1.8723389,0.077661134,1.2676611,1.7076612,1.2376611,1.0976611,2.1176612,3.527661,5.437661,6.0876613,6.927661,6.597661,3.9676611,3.2376611,1.6576611,-0.022338867,0.88766116,1.2676611,-0.03233887,-1.8523389,-3.5123389,-4.692339,-4.882339,-4.352339,-3.662339,-3.452339,-3.6123388,-3.5423388,-3.192339,-0.80233884,-2.0323389,-0.8723389,0.53766114,0.9976611,1.2676611,2.7376611,9.317661,3.017661,2.6276612,1.4376612,0.49766114,1.3376611,1.3576611,1.4176612,1.7476611,2.6376612,3.537661,13.417661,8.237661,12.637661,14.057661,11.487661,9.127661,8.8276615,8.777661,8.987661,7.187661,4.347661
-0.30233887,0.36766112,0.6776611,1.8176612,2.2176611,2.6376612,2.8776612,3.1076612,3.767661,4.617661,5.947661,6.667661,4.537661,3.8676612,1.3176612,0.32766113,0.64766115,0.0076611326,-1.2523389,-3.0723388,-2.5823388,-3.972339,-5.312339,-2.932339,-3.8223388,-4.692339,-2.5123389,-0.102338865,-0.54233885,0.48766112,0.19766113,0.16766113,-2.412339,-0.12233887,-0.39233887,-0.28233886,3.6376612,6.6076612,1.6076611,6.097661,1.9976611,1.2776611,3.267661,1.4376612,0.6276611,1.6876612,5.6076612,12.377661,11.857661,13.747662,11.737661,10.247662,10.187661,9.127661,8.447661,8.027661,5.907661,4.827661,4.747661
1.8076612,1.3776611,1.9676611,2.3676612,3.1476612,3.1476612,2.787661,2.997661,3.4576612,3.9676611,4.807661,4.927661,4.727661,3.587661,2.1676612,1.3576611,-0.61233884,-2.682339,-1.9723389,0.13766113,-0.90233886,-2.232339,-3.202339,-3.7923388,-2.402339,-0.7623389,-2.752339,-0.6423389,2.017661,-0.49233887,-0.78233886,0.03766113,-1.1123389,0.21766113,-1.6523389,-0.012338867,2.6576612,8.897661,5.8576612,3.827661,2.257661,2.8676612,3.007661,4.727661,3.3776612,0.9276611,3.3976612,6.117661,11.157661,10.507661,8.737661,6.667661,7.977661,8.007661,6.867661,7.2376614,6.137661,4.477661,2.6476612
4.3176613,4.097661,3.9876611,3.9476612,3.8676612,3.4076612,2.757661,2.807661,2.1976612,2.3676612,4.0476613,4.077661,3.767661,3.1576612,2.327661,0.72766113,-3.3923388,-4.082339,-3.1023388,-1.6123389,-0.8823389,-2.8723388,-1.8423389,-3.2723389,-3.412339,-1.1023389,-3.0823388,-2.8223388,-0.55233884,-1.3623389,-0.7423389,-1.1023389,-0.18233886,0.37766114,1.1376611,-1.3523389,-0.21233886,5.927661,2.3676612,2.4176612,1.6576611,4.687661,4.217661,4.147661,2.4676611,1.1176611,0.84766114,8.107661,9.5776615,11.377661,8.187661,3.9476612,7.677661,8.677661,8.717661,7.3576612,5.457661,3.2176611,1.1076611
5.897661,5.2776613,4.8576612,4.5876613,3.8576612,3.2276611,2.3876612,1.7376611,1.0776612,2.2376611,2.567661,3.577661,3.2376611,1.5576612,0.33766115,-1.1823388,-5.532339,-3.662339,-3.3623388,-1.4423388,0.107661135,-0.59233886,0.027661134,-1.7323389,-1.2023388,-2.7923388,-0.9423389,-1.1723388,-0.97233886,-1.2423389,-1.4923389,-0.55233884,0.22766113,0.38766113,0.35766113,0.28766114,-1.4223388,2.037661,1.1876612,5.0676613,2.4176612,3.757661,2.4876611,4.887661,2.257661,3.347661,5.867661,6.167661,11.667661,10.997662,7.117661,5.867661,7.537661,8.627661,8.677661,6.427661,4.787661,2.4276612,0.23766114
5.247661,5.5276613,4.687661,4.2376614,3.1876612,3.067661,1.6976612,0.47766113,0.59766114,1.5276611,1.9676611,2.327661,1.6676612,0.09766113,-1.7623389,-1.3823389,-3.2923388,-1.1523389,0.78766114,1.0476612,0.9376611,0.9876611,0.21766113,-0.23233886,-1.1223389,-1.8023388,-2.0823388,-1.0923389,-0.062338866,1.0676612,1.0176611,1.5676612,1.2776611,0.27766114,-0.37233886,-0.8723389,-0.83233887,4.137661,4.677661,4.407661,1.4176612,3.297661,5.657661,3.7376611,1.5576612,9.037662,8.007661,8.477661,9.687661,6.917661,3.9676611,3.797661,5.7776613,7.0676613,7.727661,6.517661,4.8576612,2.6176612,-0.40233886
5.137661,4.557661,4.127661,3.527661,2.567661,2.267661,1.3976611,0.47766113,1.6076611,1.6276611,1.9176612,1.2376611,0.52766114,-1.2923388,-3.152339,-2.1423388,-5.482339,-1.4123389,1.8276612,1.7576611,1.9976611,-0.84233886,-1.1723388,0.06766114,-1.4423388,-1.1923388,-0.30233887,0.8176611,1.5676612,2.4076612,2.3576612,2.017661,0.90766114,0.7576611,0.14766113,1.3176612,1.8876611,2.6076612,2.837661,4.557661,4.557661,3.327661,3.1576612,3.317661,3.587661,8.097661,7.687661,8.007661,7.517661,5.5476613,4.597661,5.0676613,6.2376614,7.7376614,7.5676613,5.897661,4.117661,1.5476612,-0.78233886
5.6076612,3.557661,3.1376612,2.9376612,2.247661,1.9676611,0.5576611,0.9876611,0.34766114,0.40766114,0.89766115,0.15766114,-0.73233885,-2.962339,-4.4723387,-2.952339,-1.5623388,-2.3323388,0.94766116,0.9376611,1.2576611,-1.4923389,-2.712339,-1.7823389,-1.1623389,0.12766114,1.3276612,1.4976611,1.7276611,1.5276611,1.8076612,1.5676612,1.8176612,1.5576612,1.7276611,2.007661,2.517661,1.7576611,2.547661,3.017661,0.6176611,3.257661,4.747661,5.7376614,4.717661,4.637661,6.247661,5.807661,2.9076612,2.6776612,5.0276613,6.117661,5.917661,8.497662,7.5076613,5.647661,3.4176612,0.84766114,-1.7923388
2.807661,3.6176612,4.177661,2.497661,1.6676612,0.58766115,-0.61233884,-0.26233888,-0.21233886,-0.37233886,-0.19233887,-0.61233884,-1.6523389,-4.7423387,-6.552339,-6.152339,-2.3723388,1.1576611,-1.5523388,1.7476611,1.5576612,-2.2923388,-1.8823389,0.7976611,1.6976612,2.3976612,2.587661,2.6576612,1.6576611,2.067661,3.077661,2.037661,3.247661,3.297661,3.1076612,3.1676612,2.6176612,2.027661,2.507661,4.447661,0.22766113,0.44766113,5.2776613,1.6776612,4.597661,4.387661,4.937661,4.447661,2.507661,1.5576612,3.9776611,4.7376614,7.5076613,8.317661,7.077661,5.217661,3.1876612,1.2676611,-1.4823389
3.1876612,4.847661,3.6076612,2.3676612,0.5676611,-0.67233884,-1.1523389,-1.9123389,-1.7623389,-1.1923388,-1.0623388,-2.482339,-4.352339,-4.292339,-6.072339,-7.542339,-1.9223388,-0.66233885,1.0476612,1.8976611,1.4076611,-0.33233887,-1.2723389,0.91766113,2.537661,3.1276612,2.4876611,2.6976612,1.9376612,1.4376612,2.577661,4.697661,4.827661,3.807661,4.557661,4.057661,2.577661,2.587661,2.827661,3.257661,1.4776611,1.0376611,3.6676612,2.497661,4.3176613,4.957661,3.507661,3.007661,4.217661,3.327661,1.9076611,3.347661,8.907661,7.787661,6.0676613,4.157661,2.517661,0.9376611,-1.4823389
5.247661,4.747661,3.1676612,2.007661,0.46766114,-0.72233886,-1.5223389,-2.162339,-2.992339,-2.5723388,-3.172339,-4.1623387,-5.4123387,-6.372339,-6.042339,-4.532339,-7.7223387,-1.7523389,-0.42233887,-0.45233887,0.05766113,0.0076611326,0.83766115,0.48766112,2.827661,3.497661,2.6276612,1.8176612,2.2376611,2.507661,3.807661,3.997661,5.397661,5.827661,4.537661,4.127661,3.3876612,3.537661,3.567661,2.8676612,2.587661,-0.14233887,2.277661,4.7376614,0.11766113,1.9676611,0.05766113,5.537661,4.8176613,3.7276611,0.95766115,2.537661,8.797661,6.7376614,5.157661,3.4376612,2.017661,0.58766115,-1.1823388
