images/wind850/850wind_024.json
{"header": { "discipline":0, "disciplineName":"Meteorological products", "gribEdition":2, "gribLength":80270, "center":7, "centerName":"US National Weather Service - NCEP(WMC)", "subcenter":0, "refTime":"2025-08-06T00:00:00.000Z", "significanceOfRT":1, "significanceOfRTName":"Start of forecast", "productStatus":0, "productStatusName":"Operational products", "productType":1, "productTypeName":"Forecast products", "productDefinitionTemplate":0, "productDefinitionTemplateName":"Analysis/forecast at horizontal level/layer at a point in time", "parameterCategory":2, "parameterCategoryName":"Momentum", "parameterNumber":2, "parameterNumberName":"U-component_of_wind", "parameterUnit":"m.s-1", "genProcessType":2, "genProcessTypeName":"Forecast", "forecastTime":24, "surface1Type":100, "surface1TypeName":"Isobaric surface", "surface1Value":85000.0, "surface2Type":255, "surface2TypeName":"Missing", "surface2Value":0.0, "gridDefinitionTemplate":0, "gridDefinitionTemplateName":"Latitude_Longitude", "numberPoints":65160, "shape":6, "shapeName":"Earth spherical with radius of 6,371,229.0 m", "gridUnits":"degrees", "resolution":48, "winds":"true", "scanMode":0, "nx":360, "ny":181, "basicAngle":0, "lo1":0.0, "la1":90.0, "lo2":359.0, "la2":-90.0, "dx":1.0, "dy":1.0 }, "data":
[rows 100 to 124 of 181, columns 0 to 57 of 360]
-2.8062353,-1.8262353,-1.8962353,-1.7762353,-1.2362354,-1.6962353,-1.3962353,-1.5062354,-1.2862353,-1.5962354,-1.6462353,-1.2962353,-0.35623536,0.77376467,2.0237646,3.4537647,4.6537647,5.0837646,0.31376466,3.4537647,1.4337647,-3.2062354,-2.4862354,1.0637647,1.8037647,2.4437647,0.30376464,0.32376465,0.43376464,-0.5462353,-2.6362352,-4.466235,-4.7262354,-1.2762353,-1.5362353,-0.46623534,-4.136235,-1.1662353,-1.6562353,0.43376464,-1.9462353,-0.37623537,0.55376464,-0.006235352,-4.1462355,-6.636235,-9.946236,-6.9962354,-8.946236,-11.726235,-12.286236,-11.416235,-11.896235,-11.246235,-11.636235,-10.766235,-10.486236,-11.236236
-1.3262353,-1.2962353,-1.2162354,-1.2262354,-1.3562354,-1.0562353,-0.17623535,-0.23623535,0.32376465,0.06376465,-0.22623535,-0.16623536,0.14376464,1.6537646,1.4437647,1.1537646,1.3237647,2.6537647,0.26376465,1.6837647,3.0537646,-0.7462354,-0.9262354,0.49376464,0.013764649,1.3037647,-0.8562353,0.07376465,-1.3462354,-3.0162354,-5.6862354,-5.2762356,-2.1762354,-2.5362353,-3.7162354,-0.83623534,-4.006235,-3.2162354,-3.6462355,-1.4362353,-2.3162353,-1.6962353,1.3037647,-0.44623536,-2.7062354,-5.196235,-6.676235,-8.706235,-7.1062355,-7.8562355,-11.316236,-11.276236,-11.206235,-12.296235,-11.256235,-11.076236,-11.126235,-11.516235
-1.4462353,-2.1662354,-3.2562354,-2.3862352,-2.1662354,-1.1562353,-0.12623535,1.6237646,2.0537646,1.5237646,1.1437646,0.25376466,2.0037646,1.9937646,1.2737646,0.84376466,0.86376464,0.9437646,0.48376465,-0.016235352,0.35376465,-1.0862354,-1.6762353,-2.4062355,-1.6762353,0.96376467,1.1637646,-0.25623536,-6.0662355,-9.176235,-5.5262356,-7.136235,-0.82623535,-2.6862354,-2.0162354,-4.5762353,-3.0862353,-5.8262353,-4.8362355,-3.8762352,-5.5162354,-2.3762352,1.1137646,-1.9662354,-4.946235,-7.5362353,-6.756235,-5.3962355,-6.926235,-5.176235,-9.476235,-8.806235,-9.646235,-10.566236,-11.506235,-10.556235,-11.316236,-12.406236
-3.5862353,-4.6162353,-4.446235,-4.156235,-2.8562353,-1.4262353,0.42376465,2.0337646,2.5537646,2.6437647,1.6237646,0.49376464,1.2937646,2.1837647,0.9537647,-0.46623534,0.85376465,1.2137647,-1.7662354,-0.94623536,-3.4862354,-4.0362353,-6.6262355,-5.2262354,-2.1362352,0.8337647,-3.7962353,-3.1062353,-6.1162353,-7.5162354,-7.216235,-0.6062353,-4.2962356,-7.7262354,-5.966235,-0.84623533,-4.7862353,-4.6062355,-5.0862355,-6.6662354,-7.0662355,-2.2062354,-2.6062353,-5.8362355,-5.3462353,-2.4262354,-0.30623534,-0.34623536,-0.77623534,-4.886235,-8.036236,-5.0762353,-7.176235,-8.136235,-9.876235,-11.016235,-11.526236,-11.636235
-6.006235,-5.8362355,-5.656235,-5.6862354,-5.1162353,-4.2662354,-3.2762353,-1.3862354,0.15376465,1.1237646,0.7637646,-0.11623535,0.73376465,0.65376467,-1.3862354,1.0837647,-0.19623536,-1.0262353,-0.58623534,-1.2962353,-5.5962353,-3.9462354,-1.3662354,-4.9762354,-5.886235,-3.3662353,-1.8462354,-7.1062355,-7.8262353,-7.506235,-5.466235,-4.696235,-9.496235,-3.7662354,-2.6562355,-2.7962353,-4.5762353,-6.5462356,-8.186235,-7.8662353,-7.0762353,-5.3662353,-12.286236,-8.586235,-7.4562354,-5.3962355,-3.6562355,-2.9762354,-1.7262354,-0.95623535,-4.7962356,-2.2862353,-3.7862353,-5.446235,-6.6262355,-8.406236,-9.406236,-9.726235
-5.8662353,-6.736235,-8.006235,-7.6862354,-7.2262354,-6.4962354,-5.636235,-4.466235,-3.0862353,-2.8862352,-2.3762352,-1.8162353,-1.6962353,-2.5562353,0.97376466,-1.8962353,-5.6862354,-0.76623535,-5.696235,-5.8962355,-7.8462353,-7.3662353,-6.1862354,-2.9262354,-6.0562353,-5.216235,-3.4962354,-9.366236,-8.836235,-4.0862355,-3.0162354,-2.2562354,-6.7662354,-7.6062355,-4.426235,-3.0062354,-4.5462356,-5.4362354,-5.136235,-8.346235,-7.7262354,-6.5662355,-10.926235,-8.466235,-7.426235,-7.156235,-6.6462355,-3.9962354,-2.7462354,-7.5562353,-3.2462354,-2.2562354,-0.5462353,-2.6162353,-3.8062353,-4.3262353,-5.8962355,-7.7262354
-10.036236,-9.786236,-8.766235,-8.166235,-6.7662354,-6.7762356,-6.7962356,-6.196235,-5.5862355,-4.1462355,-3.4462354,-3.1562355,-2.5062354,-2.4362354,-5.196235,-4.886235,-7.2862353,-5.946235,-6.8262353,-7.8162355,-7.0762353,-6.7462354,-6.0162354,-5.4962354,-3.8662353,-2.2062354,-3.0262353,-3.2862353,-6.0662355,-4.2762356,-3.0662353,-3.5562353,-4.8462353,-6.986235,-4.1262355,-3.1762354,-4.636235,-6.8362355,-7.0162354,-7.1162353,-7.446235,-7.9362354,-7.6462355,-6.7762356,-6.696235,-9.196236,-7.8362355,-7.7862353,-8.256235,-10.486236,-4.8962355,-1.6762353,-1.9062353,1.3437647,0.11376465,-1.9562354,-3.6062353,-4.3062353
-9.726235,-8.8562355,-7.5762353,-6.926235,-7.0862355,-7.256235,-6.756235,-6.0262356,-5.7262354,-4.926235,-3.9962354,-3.2962353,-2.7262354,-2.7762353,-5.7762356,-2.9262354,-6.3962355,-9.056235,-11.026236,-9.746235,-7.4762354,-5.2462354,-4.216235,-3.5462353,-3.4462354,-4.4762354,-3.4262354,-2.2462354,-1.2362354,1.1737647,-0.016235352,0.84376466,-2.7662354,-5.5762353,-4.4162354,-1.6962353,-4.5262356,-4.926235,-5.3562355,-6.0762353,-1.5562353,-3.8362353,-4.216235,-5.8162355,-7.176235,-5.0362353,-4.5462356,-2.8862352,-11.626235,-7.8962355,-5.1262355,-5.8962355,-4.006235,-5.196235,-4.406235,-5.2462354,-3.2962353,-3.2562354
-9.116236,-7.8562355,-7.8062353,-7.466235,-7.3062353,-6.986235,-7.1662354,-5.9562354,-5.0662355,-4.636235,-3.9962354,-2.4762354,-2.2462354,-4.7762356,-5.886235,-5.3462353,-7.6262355,-11.276236,-10.996235,-9.986236,-8.586235,-4.486235,-2.1162353,-0.6062353,-2.9762354,-2.5062354,-1.0862354,0.27376464,5.493765,2.5237646,0.19376464,-0.72623533,-0.88623536,-1.4062353,-3.9462354,-1.5962354,-2.1962354,-3.1962354,-3.9162354,-1.8862354,-0.8562353,-2.6462355,-3.2962353,-7.3462353,-4.3262353,-5.716235,-4.946235,-7.466235,-6.7462354,-4.7662354,-3.4362354,-4.5862355,-7.3562355,-6.8262353,-7.3162355,-8.616236,-7.5862355,-7.8662353
-9.126235,-9.276236,-8.486236,-7.506235,-7.236235,-7.0962353,-6.906235,-6.2662354,-5.3962355,-4.196235,-5.0562353,-5.5962353,-4.946235,-4.5662355,-6.0662355,-8.116236,-8.226235,-13.006235,-11.926235,-10.376235,-8.626235,-6.486235,-3.8562353,-1.5962354,-0.16623536,-0.87623537,1.2837646,2.7937646,0.77376467,4.493765,-0.05623535,-1.5662353,-1.7662354,-3.4162354,-4.2262354,-0.77623534,-0.13623536,0.21376465,1.5537647,0.54376465,-4.156235,-3.0462353,-4.696235,-2.5262353,-1.1562353,-3.2862353,-9.766235,-8.996235,-3.1962354,-3.7162354,-1.2462354,-3.0362353,-5.696235,-4.0762353,-7.6062355,-6.216235,-6.5862355,-8.766235
-9.776236,-9.556235,-9.036236,-7.9762354,-7.1062355,-6.9162354,-6.5462356,-6.946235,-6.906235,-5.9962354,-4.5762353,-5.1062355,-5.946235,-6.486235,-6.486235,-9.706235,-13.756235,-11.706235,-9.126235,-10.116236,-8.056235,-6.0362353,-5.3062353,-3.3362353,-0.7962353,0.49376464,2.2237647,2.1237648,-0.49623534,-4.5162354,-6.0762353,-6.986235,-1.5862354,-2.3862352,-3.0962353,-1.2462354,-0.34623536,3.0737646,-0.076235354,-2.7062354,-3.7462354,-3.8962355,-1.8562354,-0.75623536,-1.1462353,0.29376465,-2.5762353,-1.4462353,-1.3262353,-4.8762355,-4.0962353,-3.0062354,-3.8062353,-7.9562354,-8.196236,-9.656236,-9.036236,-9.116236
-9.746235,-9.936235,-9.036236,-8.126235,-7.3562355,-7.5262356,-6.8062353,-7.466235,-7.6262355,-7.8362355,-6.2062354,-4.1262355,-4.696235,-5.8462353,-7.1262355,-10.816236,-10.626235,-6.8662353,-9.456235,-6.3462353,-6.0662355,-5.0762353,-4.5562353,-3.0362353,-1.4862354,2.1937647,3.0937645,0.85376465,2.0337646,-0.56623536,-8.146235,-7.0762353,-6.8462353,-6.5362353,-1.8962353,-0.49623534,2.6437647,1.5637647,-2.0962353,-2.6262352,-2.7762353,-1.5462353,-1.3562354,0.26376465,0.62376463,-1.0362353,0.5137646,-5.3462353,-2.5562353,-2.5162354,-5.0762353,-3.4862354,-5.2262354,-1.6262354,-2.4362354,2.7637646,-5.636235,-9.516235
-8.806235,-9.516235,-9.366236,-9.616236,-9.526236,-8.896235,-7.7062354,-7.696235,-8.756235,-8.906236,-7.926235,-6.4762354,-5.8462353,-5.5762353,-6.2062354,-2.9862354,-12.146235,-9.626235,-3.1462355,-2.7462354,-4.4762354,-3.4962354,-2.6762354,-1.4662354,0.43376464,1.9137646,4.553765,2.8037646,2.6937647,-2.3762352,-12.166235,-9.796235,-7.0662355,-4.486235,-2.4462354,-3.4162354,-0.94623536,-1.4762354,-2.1062353,-1.7662354,-1.2962353,-2.2562354,-1.5462353,0.8937647,-3.4962354,-4.3962355,-9.946236,-2.0362353,-2.7662354,-0.64623535,0.14376464,-5.4962354,-6.0562353,-7.1862354,-8.416235,-9.436235,-8.6062355,-9.076236
-9.966235,-9.726235,-10.076236,-10.886235,-10.236236,-9.616236,-8.446236,-8.266235,-8.386235,-8.426235,-8.496235,-8.116236,-5.3562355,-4.676235,-4.4562354,-2.2662354,-7.8462353,-2.7862353,-4.4962354,-5.8262353,-2.8662353,-2.2662354,-0.95623535,-1.0962354,0.93376464,3.0737646,4.3137646,5.1937647,6.0437646,-0.35623536,-10.516235,-12.446236,-9.056235,-5.426235,-2.6962354,-3.6062353,-1.1562353,-1.6362354,-1.3962353,-1.5162354,-1.6962353,-4.0262356,-1.9062353,-3.2962353,-0.35623536,-1.9062353,-9.256235,-7.7862353,-4.1062355,-6.966235,-5.5762353,-6.1062355,-6.4962354,-7.2262354,-8.476235,-8.316236,-8.596235,-9.626235
-9.276236,-10.346235,-10.636235,-9.576236,-9.806235,-10.566236,-9.596235,-8.266235,-8.126235,-8.376235,-8.426235,-8.236236,-7.0362353,-4.7862353,-2.8062353,-1.2162354,-7.3362355,-5.986235,-5.8762355,-4.8962355,-2.5162354,-0.69623536,-0.29623535,0.5037646,2.9337647,4.0037646,5.283765,2.8737648,-2.7262354,-3.0462353,-3.6162353,-12.896235,-9.466235,-5.9562354,-2.9262354,-0.45623535,-0.56623536,-1.5962354,-0.59623533,-1.3062353,-3.0762353,-2.8262353,-1.2162354,-2.2762353,-1.0662353,-2.2462354,-3.6062353,-3.5362353,-3.2462354,-6.006235,-6.4962354,-5.946235,-6.5762353,-7.2062354,-7.196235,-7.1462355,-8.486236,-8.406236
-9.386235,-10.126235,-10.266235,-9.966235,-9.696236,-10.536236,-10.146235,-9.926235,-8.766235,-8.736236,-8.336235,-7.486235,-6.6262355,-4.886235,-3.6262352,-0.84623533,-5.5462356,-6.0862355,-4.7962356,-4.1162353,-2.4962354,-1.5062354,-0.59623533,3.3637648,8.003765,5.303765,4.9637647,1.3137647,-0.6062353,-3.5862353,-0.35623536,-7.1062355,-6.7462354,-3.2262354,-1.9762354,-1.2462354,-2.6362352,-1.8162353,-0.62623537,-0.36623535,-0.17623535,0.5737646,2.0737646,-2.3862352,-1.4862354,-2.5762353,-0.29623535,-7.8762355,-4.0462356,-5.0262356,-6.256235,-5.6162353,-4.8462353,-5.8062353,-6.8362355,-6.2662354,-7.6462355,-7.3762355
-8.286236,-8.716235,-8.706235,-8.986236,-9.036236,-9.866236,-10.186235,-10.006235,-9.556235,-9.456235,-8.066236,-7.3262353,-6.6262355,-6.0762353,-5.1862354,-2.2262354,-2.1762354,-2.4662354,-2.7162354,-4.136235,-1.9762354,-1.1162354,2.8837647,9.323765,11.693765,3.9937646,0.26376465,-1.2462354,-0.95623535,-6.8562355,-3.0562353,-2.5062354,-4.8462353,-2.8362353,0.44376466,-1.1862353,-1.3962353,-1.9162353,-0.24623536,0.26376465,0.72376466,1.3937646,1.3337647,0.72376466,-0.37623537,-0.5562354,-1.4762354,-8.146235,-6.9762354,-5.5262356,-5.0562353,-4.3662353,-4.4562354,-5.1262355,-5.1062355,-5.5962353,-6.3462353,-6.696235
-6.3562355,-6.5162354,-6.3762355,-6.716235,-7.3462353,-8.196236,-9.206235,-9.636235,-9.796235,-9.826236,-9.336235,-9.826236,-8.816236,-8.436235,-7.156235,-6.8562355,-8.086235,-6.0562353,-1.7062354,-0.68623537,-1.8262353,0.84376466,3.7337646,3.7837646,9.343764,-2.5462353,-2.0562353,-0.16623536,1.2337646,-4.5962353,-3.9262354,-5.886235,-2.4262354,0.15376465,1.4937646,2.0737646,-0.69623536,0.14376464,0.80376464,1.1037647,0.20376465,0.103764646,-0.33623534,2.0437646,0.72376466,-4.0562353,-6.9762354,-6.9362354,-4.1862354,-4.636235,-3.5362353,-2.9662354,-4.3262353,-3.9362354,-4.256235,-4.676235,-5.1462355,-4.906235
-4.236235,-4.0862355,-4.0862355,-4.656235,-4.9962354,-5.756235,-6.8662353,-7.5562353,-8.636235,-8.896235,-9.156236,-9.666235,-10.266235,-9.626235,-8.956235,-7.9362354,-6.7462354,-5.5462356,-2.9862354,-1.5462353,-2.2562354,-4.3762355,-2.1962354,-1.8562354,-6.0162354,-4.5562353,-1.8562354,-3.2662354,-7.6162353,-3.9362354,-8.586235,-4.8962355,1.4137646,4.3737645,3.4637647,2.8537645,0.46376464,0.5837647,0.9437646,1.0637647,0.49376464,-2.0262353,-1.1362354,-5.3362355,-7.9562354,-7.5562353,-6.2062354,-5.5962353,-3.9362354,-4.156235,-3.7962353,-2.9162354,-2.9662354,-2.9162354,-3.2962353,-3.4062355,-3.1262352,-2.6362352
-2.6862354,-2.0462353,-1.8762354,-2.5662353,-3.1962354,-3.8662353,-5.3162355,-6.0862355,-6.8462353,-6.5562353,-7.156235,-7.4162354,-7.6862354,-8.826236,-8.926235,-8.596235,-5.8362355,-3.5062354,-3.2462354,-4.2062354,-4.176235,-4.2762356,-7.0462356,-4.0462356,-2.7062354,-7.256235,-0.27623534,-3.4962354,-1.8062353,-0.24623536,-5.5262356,-0.93623537,2.0437646,3.5637646,2.3437645,2.4437647,1.5337646,0.6937646,0.66376466,-0.41623536,-0.26623535,-1.5262353,-3.0462353,-4.966235,-4.3662353,-4.3262353,-3.0762353,-2.9062355,-2.6762354,-1.3262353,-1.4162353,-1.7162354,-1.2262354,-0.90623534,-0.9262354,-0.8562353,-0.57623535,-0.106235355
-0.40623534,-0.106235355,-0.76623535,-1.2562354,-2.1662354,-3.2762353,-4.3962355,-5.506235,-6.136235,-6.3762355,-5.9362354,-5.0562353,-4.906235,-5.0462356,-5.6462355,-6.7662354,-6.676235,-5.696235,-4.9562354,-4.2862353,-3.7762353,-3.7362354,-8.136235,-8.246235,-4.5562353,-5.3962355,-3.6262352,-1.5462353,-2.1262352,-1.7862353,-0.77623534,-0.53623533,-0.72623533,-5.426235,-4.9962354,-1.7462354,0.38376465,0.29376465,-1.5562353,-1.6462353,-1.3162353,-0.7962353,-2.2362354,-1.2162354,-0.63623536,-1.0762353,-1.4562354,-1.9062353,-1.1862353,-0.6062353,1.6137646,1.0037646,0.79376465,1.4037646,1.3437647,1.4837646,2.1837647,1.9637647
2.1737647,1.9537647,1.5237646,1.0737647,-0.23623535,-1.3662354,-2.5062354,-2.9862354,-3.4162354,-4.216235,-5.0662355,-4.8162355,-3.6162353,-3.0862353,-2.8262353,-3.5062354,-4.3562355,-4.6462355,-4.0762353,-3.2162354,-5.236235,-4.486235,-4.5162354,-6.2862353,-3.4862354,-4.9162354,-2.7562354,-1.5562353,-2.7562354,-0.28623536,-3.0462353,2.8637648,-2.8262353,-5.2762356,-7.2062354,-4.2662354,0.21376465,-0.38623536,-0.50623536,-0.38623536,-0.50623536,0.62376463,-1.4362353,0.98376465,1.0137646,0.5137646,-0.06623535,0.33376464,0.92376465,1.3037647,2.7237647,3.4037647,3.8337646,3.3937647,3.3737648,3.5937645,4.323765,3.6737647
4.1937647,3.6737647,3.4537647,2.4337647,1.5837647,1.4337647,0.40376464,-0.28623536,-1.2462354,-1.2062354,-2.2862353,-1.6262354,-3.1362352,-2.2662354,-0.76623535,-1.0562353,-0.71623534,-2.3562353,-2.4162354,-2.5162354,-1.3062353,-1.2862353,-1.5962354,-0.95623535,-1.2462354,-1.1462353,-3.1462355,-2.3362353,-1.8762354,-0.51623535,2.8237646,2.9137647,-1.0262353,-2.4362354,-2.5862353,-2.3562353,-1.7862353,-0.94623536,-0.14623535,0.30376464,0.84376466,0.66376466,1.4837646,2.7137647,3.2637646,3.7137647,3.7937646,3.2137647,3.9237647,4.0237646,4.6337647,6.4437647,5.2137647,5.533765,4.9837646,5.5037646,5.993765,6.243765
5.513765,5.3337646,5.073765,5.033765,4.4637647,4.593765,3.8137646,2.8437645,2.2137647,1.5637647,0.79376465,0.013764649,-0.97623533,-1.8262353,-0.35623536,-1.2962353,0.21376465,1.8737646,-0.53623533,-0.24623536,-0.6662353,0.42376465,1.5937647,-0.21623535,-0.9862354,-3.1462355,-1.2962353,2.0037646,2.6137648,4.7937646,3.9137647,3.7137647,4.0037646,0.19376464,0.7037647,1.5937647,1.3937646,1.0337646,0.8937647,1.6037647,0.98376465,1.8837646,3.1537647,4.8937645,5.3137646,5.6637645,6.2337646,6.0637646,6.6637645,6.9037647,7.593765,8.233765,7.6337647,7.073765,7.1037645,7.863765,8.233765,8.6437645
6.1337647,6.7237644,6.803765,6.9237647,7.0237646,7.1737647,6.5037646,6.1737647,5.4537644,4.573765,2.8737648,1.5037646,1.8537647,1.3837646,2.2637646,1.6737647,1.6337646,-0.13623536,1.0637647,0.81376463,2.8837647,3.8737648,4.0437646,4.9037647,7.4437647,8.353765,5.4437647,6.3837647,7.9137645,9.243765,8.233765,7.6037645,7.613765,7.2037644,4.6837645,3.3037646,5.2937646,5.3537645,3.6837647,4.4437647,4.303765,4.243765,6.3137646,6.573765,7.303765,8.333765,7.7737646,7.093765,8.693765,9.353765,9.613765,10.183764,10.183764,9.903765,10.073765,9.663765,10.403765,10.713764
