images/wind850/850wind_018.json
{"header": { "discipline":0, "disciplineName":"Meteorological products", "gribEdition":2, "gribLength":80313, "center":7, "centerName":"US National Weather Service - NCEP(WMC)", "subcenter":0, "refTime":"2025-08-06T00:00:00.000Z", "significanceOfRT":1, "significanceOfRTName":"Start of forecast", "productStatus":0, "productStatusName":"Operational products", "productType":1, "productTypeName":"Forecast products", "productDefinitionTemplate":0, "productDefinitionTemplateName":"Analysis/forecast at horizontal level/layer at a point in time", "parameterCategory":2, "parameterCategoryName":"Momentum", "parameterNumber":2, "parameterNumberName":"U-component_of_wind", "parameterUnit":"m.s-1", "genProcessType":2, "genProcessTypeName":"Forecast", "forecastTime":18, "surface1Type":100, "surface1TypeName":"Isobaric surface", "surface1Value":85000.0, "surface2Type":255, "surface2TypeName":"Missing", "surface2Value":0.0, "gridDefinitionTemplate":0, "gridDefinitionTemplateName":"Latitude_Longitude", "numberPoints":65160, "shape":6, "shapeName":"Earth spherical with radius of 6,371,229.0 m", "gridUnits":"degrees", "resolution":48, "winds":"true", "scanMode":0, "nx":360, "ny":181, "basicAngle":0, "lo1":0.0, "la1":90.0, "lo2":359.0, "la2":-90.0, "dx":1.0, "dy":1.0 }, "data":
[rows 130 to 155 of 181, columns 177 to 235 of 360]
2.3016212,0.061621092,0.18162109,-0.1883789,-2.328379,-2.838379,-1.8383789,-2.6583788,-3.6583788,-2.3883789,-1.4483789,-3.4183788,-3.3983788,-2.088379,-1.3283789,-1.1083789,-0.5083789,-0.7283789,-0.5383789,-0.8283789,-0.14837891,-0.058378905,0.4616211,1.3616211,1.7616211,1.8216211,1.1216211,-0.4783789,1.841621,-0.1583789,-1.8683789,0.23162109,0.8816211,0.5416211,1.6116211,2.141621,1.6216211,3.2916212,4.911621,5.451621,5.581621,9.251621,10.921621,12.461621,15.371621,14.9716215,14.771621,14.451621,14.441621,15.021621,14.771621,13.611621,13.921621,14.101621,14.151621,13.9716215,13.731621,13.211621,13.601621
0.9516211,0.81162107,1.8616211,-1.2083789,-3.008379,-3.088379,-1.7483789,-0.9583789,-1.3683789,-1.1883789,-1.548379,-2.608379,-2.298379,-1.9683789,-1.8283789,-0.9083789,-0.7083789,-0.2583789,0.1416211,0.2216211,0.9516211,1.4016211,1.451621,1.4916211,1.2816211,1.7316211,1.471621,1.081621,0.5816211,0.8316211,2.401621,-0.3783789,-1.3583789,0.021621093,0.4116211,0.8916211,1.5616211,2.481621,3.3716211,3.511621,4.271621,6.241621,8.671621,8.841621,12.311621,13.691621,12.431622,12.881621,12.211621,12.7216215,13.281621,12.981621,12.641621,12.641621,13.071621,13.681622,14.311621,14.211621,13.911621
3.771621,4.021621,1.3816211,0.9616211,-0.2883789,-0.07837891,0.7216211,0.8716211,0.051621094,0.7816211,0.10162109,-0.088378906,0.3516211,0.2716211,0.4916211,0.021621093,0.4316211,0.1916211,0.3816211,0.2916211,0.5716211,1.0316211,1.701621,1.9216211,1.461621,1.8516212,2.001621,2.2916212,2.0616212,1.3916211,1.7716211,1.1416211,3.421621,-0.4983789,-1.3683789,0.051621094,0.21162109,-0.2683789,0.7716211,2.3316212,1.341621,-2.1983788,4.821621,5.591621,6.801621,7.351621,8.691621,9.261621,9.841621,10.681622,11.151621,11.271621,11.181622,12.091621,12.351621,13.381621,13.981621,13.841621,14.181622
4.271621,3.3516212,1.1016212,1.3816211,0.56162107,0.8316211,1.5716211,1.6216211,1.4316211,1.6116211,2.171621,2.1016212,2.411621,2.411621,1.6216211,1.4116211,1.0016211,1.1516211,1.221621,1.3816211,1.2616211,1.5116211,1.951621,1.591621,1.2816211,1.5416211,0.81162107,0.6516211,0.5816211,1.091621,1.8616211,1.1416211,1.5216211,1.0316211,1.3116211,-1.7683789,-0.93837893,-0.68837893,-1.2383789,-1.5783789,-1.4483789,-2.298379,-3.1283789,4.4416213,4.591621,4.5016212,5.381621,4.881621,8.631621,8.161621,8.941621,9.9716215,10.431622,10.321621,10.571621,11.7216215,12.871621,14.131621,13.601621
3.3416212,2.7916212,2.651621,2.641621,2.201621,1.8716211,1.6316211,1.461621,1.0516211,1.4216211,2.661621,3.231621,3.481621,3.021621,2.211621,1.6516211,1.7816211,1.8516212,2.1316211,2.761621,2.721621,2.721621,2.521621,2.221621,1.4816211,0.7216211,0.1116211,0.3516211,0.081621096,0.3516211,-0.23837891,-0.0683789,0.7416211,0.81162107,-0.1583789,-0.5383789,-1.3083789,-2.038379,-1.9683789,-2.9383788,-2.488379,-2.978379,-5.548379,-6.338379,2.3716211,1.2516211,2.7916212,2.681621,3.511621,6.5016212,7.261621,8.951621,9.741621,10.581621,10.091621,14.981621,11.081621,11.391621,11.371621
2.8616211,2.771621,3.221621,3.781621,3.161621,2.1116211,2.421621,2.781621,2.741621,2.521621,2.201621,3.241621,3.241621,2.671621,2.1116211,1.5716211,1.6816211,1.7916211,1.701621,2.031621,2.431621,2.0616212,2.441621,2.3416212,1.3016211,0.5316211,0.3416211,-0.018378906,-1.0683789,-3.3783789,-3.318379,-3.358379,-2.818379,-1.5983789,-1.528379,-1.788379,-1.3383789,-0.8383789,-3.038379,-3.3683789,-4.9983788,-5.428379,-4.8083787,-8.968379,-10.458379,-3.848379,-1.1083789,1.6316211,5.041621,6.071621,7.411621,8.841621,8.541621,9.601621,10.771621,11.181622,10.431622,11.781621,11.4716215
2.751621,2.7916212,3.481621,3.751621,4.0016212,4.181621,3.6116211,3.201621,3.701621,3.391621,3.471621,2.8416212,2.0916212,1.6216211,1.711621,2.711621,2.441621,2.3116212,2.681621,2.431621,2.731621,2.471621,1.7916211,2.2916212,0.81162107,-0.4783789,-2.4483788,-1.8983788,-1.3983788,-1.158379,-1.3683789,-1.668379,-1.2683789,-0.7883789,-0.7283789,-0.80837893,-1.528379,-1.418379,-1.2483789,-3.588379,-4.478379,-6.098379,-7.598379,-6.208379,-6.348379,-7.8083787,-6.618379,-5.278379,3.6116211,5.641621,5.971621,8.291621,9.321621,9.171621,10.001621,11.541621,11.991621,13.4716215,13.551621
3.3216212,3.741621,4.4216213,4.541621,4.291621,3.251621,2.171621,1.2816211,0.8516211,0.2716211,0.3216211,0.5316211,1.3816211,2.751621,3.991621,4.561621,4.1916213,3.981621,3.0816212,3.431621,3.491621,3.391621,2.7916212,2.3216212,2.211621,0.4916211,-0.2583789,0.0016210937,0.4116211,-0.10837891,1.2916211,1.841621,1.1116211,1.3016211,0.5416211,-0.4883789,-0.6383789,-1.298379,-1.2583789,-2.078379,-2.6783788,-4.3283787,-5.5583787,-7.208379,-7.628379,-5.718379,-4.0383787,-2.288379,-4.0583787,-1.798379,-0.5383789,1.2516211,7.0016212,8.761621,5.951621,7.321621,11.981621,7.471621,10.011621
3.951621,4.031621,3.901621,3.8816211,3.3416212,2.461621,2.211621,2.5616212,2.5516212,2.031621,2.211621,2.751621,3.501621,4.311621,5.431621,6.121621,6.491621,6.311621,5.261621,4.411621,4.621621,5.081621,4.341621,3.901621,4.141621,2.701621,2.3216212,3.141621,3.521621,3.5916212,4.111621,1.7716211,1.3916211,0.8016211,0.4416211,0.8716211,0.041621093,-0.9283789,-1.3583789,-1.408379,-1.6283789,-2.6683788,-2.6283789,-3.1883788,-4.7683787,-4.988379,-6.228379,-4.718379,-2.8683789,-0.93837893,2.141621,2.8216212,2.8316212,2.8416212,5.031621,6.591621,5.121621,7.661621,9.821621
7.331621,7.021621,6.391621,6.1916213,6.281621,6.6716213,7.131621,7.081621,7.351621,8.081621,8.331621,8.781621,9.251621,9.211621,8.871621,8.961621,9.071621,8.9716215,7.931621,6.6716213,6.541621,6.281621,6.281621,6.5016212,6.051621,4.871621,4.411621,4.451621,3.661621,4.2316213,3.401621,2.971621,2.221621,1.9316211,1.5116211,0.8516211,0.33162108,-0.098378904,1.1316211,0.1716211,-0.0683789,-0.1983789,-0.3683789,-0.1383789,-0.8483789,-1.048379,-1.0783789,-1.798379,-1.7183789,-2.088379,-0.5983789,0.2816211,2.3216212,4.761621,6.451621,11.171621,14.051621,14.051621,15.631621
12.291621,11.601621,11.401621,11.621621,12.121621,12.931622,13.321621,13.421621,13.571621,13.891621,13.941621,13.961621,14.121621,14.461621,14.231621,13.251621,11.401621,10.821621,10.521621,9.341621,8.091621,7.181621,7.4616213,7.641621,7.281621,6.651621,5.861621,4.9416213,4.1916213,4.091621,4.041621,4.1716213,3.951621,3.731621,3.0816212,2.261621,1.1416211,0.8816211,0.7816211,-0.17837891,-0.2883789,-0.1983789,-1.038379,-0.6783789,-0.2683789,1.1116211,2.201621,2.6316211,2.661621,2.701621,2.671621,3.3816211,3.6016212,4.301621,6.2516212,7.561621,8.061621,10.301621,12.461621
11.741621,14.601621,16.991621,17.251621,17.73162,18.46162,18.941622,19.171621,19.261621,19.46162,19.14162,19.32162,18.931622,18.13162,17.12162,14.151621,13.311621,11.381621,10.961621,10.511621,9.631621,9.391621,8.741621,8.651621,8.431622,7.361621,7.151621,6.521621,6.2316213,6.541621,6.6716213,4.701621,5.321621,5.631621,5.381621,4.431621,2.6016212,2.201621,1.341621,0.3816211,0.69162107,0.3716211,-0.10837891,-0.3083789,-0.1583789,0.3816211,1.221621,1.8916211,2.891621,3.521621,5.321621,6.451621,7.291621,8.4716215,9.271621,10.311621,10.081621,11.731621,11.991621
10.791621,12.301621,13.421621,15.4716215,17.741621,19.411621,20.911621,21.951622,22.32162,22.40162,21.751621,20.46162,18.47162,17.591621,16.251621,14.171621,13.271621,12.621621,12.331621,11.571621,11.711621,11.071621,10.021621,11.021621,10.191621,9.531621,9.251621,8.621621,8.651621,9.101621,8.641621,8.211621,7.051621,6.871621,6.9216213,5.881621,4.871621,4.331621,3.3216212,3.741621,3.981621,4.4616213,4.411621,4.591621,4.861621,4.721621,4.561621,4.881621,5.641621,5.9216213,6.721621,7.611621,8.771621,9.911621,11.211621,12.541621,13.921621,14.831621,14.501621
14.701621,13.861621,13.7216215,14.071621,14.601621,14.811621,15.451621,16.271622,17.771622,18.31162,19.351622,18.30162,17.511621,15.551621,14.621621,14.591621,14.011621,14.041621,14.091621,13.641621,12.271621,12.171621,12.011621,12.561621,11.871621,11.451621,10.451621,10.851621,10.611621,10.341621,9.061621,9.621621,7.151621,7.021621,6.891621,6.381621,5.781621,6.011621,6.781621,8.021621,8.041621,7.841621,7.071621,6.4816213,6.021621,5.151621,5.7516212,5.741621,6.151621,6.951621,8.011621,9.301621,10.791621,12.431622,12.901621,13.681622,14.581621,16.29162,17.32162
22.54162,20.081621,19.491621,18.191622,17.56162,16.411621,16.30162,17.40162,17.101622,16.771622,16.31162,16.011621,16.661621,15.9716215,15.771621,16.421621,16.591621,15.951621,15.411621,14.601621,14.361621,14.681622,13.121621,13.481621,13.641621,13.701621,12.9716215,12.611621,12.691621,12.441621,11.891621,10.211621,8.031621,8.051621,8.311621,8.631621,8.811621,8.661621,9.331621,9.441621,9.601621,9.281621,8.491621,7.281621,7.621621,7.681621,7.491621,8.211621,8.9716215,9.961621,10.891621,11.651621,12.571621,13.621621,13.301621,14.651621,14.781621,16.011621,17.591621
24.161621,22.501621,26.081621,23.29162,24.861622,23.14162,22.241621,21.47162,20.32162,19.361622,20.87162,20.62162,21.04162,21.021622,20.37162,19.031622,18.56162,18.31162,17.40162,16.241621,15.451621,15.151621,15.7216215,15.681622,15.961621,16.261621,14.581621,14.301621,14.871621,15.041621,14.681622,13.621621,11.4716215,11.441621,11.351621,12.261621,11.961621,11.921621,11.391621,10.961621,10.601621,10.451621,9.841621,9.661621,9.871621,10.031621,10.591621,11.051621,12.061621,13.071621,13.671621,14.261621,15.001621,15.511621,16.06162,16.531622,17.13162,17.63162,17.931622
19.05162,21.98162,23.941622,25.241621,24.06162,24.031622,25.97162,26.46162,26.111622,25.851622,23.88162,21.97162,21.081621,21.771622,23.81162,24.501621,22.81162,21.331621,21.771622,19.341621,18.13162,18.341621,17.851622,17.861622,17.781622,16.64162,16.601622,16.511621,16.861622,17.191622,17.46162,17.90162,15.581621,14.401621,14.101621,14.621621,14.631621,14.241621,13.771621,13.851621,13.281621,11.911621,12.021621,12.021621,11.9716215,12.931622,13.311621,13.791621,15.191621,15.411621,15.921621,16.47162,17.081621,16.97162,16.951622,17.12162,17.38162,18.201622,18.611622
19.13162,19.281622,19.32162,19.79162,20.661621,22.611622,25.87162,26.79162,27.281622,26.48162,27.911621,27.46162,26.181622,25.251621,23.421621,22.281622,23.111622,23.89162,23.081621,22.101622,20.911621,20.13162,20.331621,19.441622,20.22162,19.931622,19.351622,20.15162,19.37162,20.48162,19.831621,20.29162,20.331621,19.081621,18.31162,17.71162,17.681622,16.87162,16.491621,15.711621,13.631621,13.601621,13.691621,13.941621,14.681622,14.921621,16.21162,16.46162,16.65162,17.14162,17.191622,17.671621,18.331621,19.07162,18.601622,18.851622,18.751621,18.341621,18.431622
20.001621,19.851622,20.831621,21.351622,22.40162,23.39162,23.55162,25.55162,26.021622,25.97162,27.011621,29.05162,29.021622,28.54162,27.351622,24.691622,23.48162,22.89162,20.271622,18.98162,19.991621,21.56162,23.23162,23.37162,23.591621,23.011621,25.521622,23.39162,22.601622,23.491621,22.361622,22.64162,25.361622,25.82162,24.001621,22.82162,21.22162,18.921621,18.861622,15.581621,14.781621,15.901621,15.611621,16.521622,17.191622,17.511621,17.781622,17.39162,17.63162,18.29162,19.021622,19.671621,19.89162,20.39162,20.65162,20.40162,19.71162,19.611622,18.931622
20.31162,21.241621,22.22162,22.96162,23.411621,24.48162,24.89162,26.011621,27.241621,28.38162,29.57162,28.171621,28.40162,27.771622,26.98162,25.87162,25.361622,23.97162,22.991621,23.80162,23.941622,22.37162,22.04162,22.691622,23.15162,24.23162,25.15162,25.04162,27.88162,30.06162,29.06162,27.21162,27.281622,27.501621,29.531622,30.04162,22.46162,18.98162,17.07162,15.601621,16.82162,17.12162,17.491621,18.15162,18.05162,18.07162,18.21162,18.751621,18.73162,19.12162,19.111622,20.091621,20.88162,20.841621,21.021622,20.851622,20.511621,20.361622,19.681622
22.081621,21.861622,22.241621,22.96162,23.581621,23.281622,23.941622,24.97162,25.591621,26.921621,27.361622,26.21162,26.361622,26.931622,27.081621,29.14162,28.411621,27.39162,27.431622,27.491621,27.71162,27.661621,27.911621,28.54162,28.921621,28.431622,27.73162,27.851622,28.761621,29.201622,28.921621,29.941622,28.81162,27.851622,29.001621,26.90162,19.861622,16.48162,15.901621,15.661621,16.681622,17.701622,17.38162,17.751621,18.001621,17.47162,18.591621,19.32162,19.57162,19.39162,19.841621,20.81162,20.451622,21.171621,21.21162,21.54162,21.671621,21.161621,20.781622
22.491621,22.64162,22.441622,22.63162,22.87162,23.661621,24.001621,23.04162,24.37162,23.14162,23.451622,24.79162,23.56162,23.63162,24.201622,25.921621,28.37162,29.14162,32.201622,32.41162,31.71162,30.431622,31.22162,29.351622,29.941622,31.29162,27.98162,26.921621,26.921621,25.951622,25.701622,25.47162,25.851622,27.591621,27.421621,19.30162,15.621621,15.851621,17.911621,17.71162,18.701622,17.111622,16.88162,17.30162,17.681622,18.15162,18.281622,18.87162,19.921621,20.241621,20.661621,21.15162,21.781622,21.861622,22.31162,22.361622,22.71162,22.55162,22.171621
24.80162,24.88162,25.001621,24.351622,23.56162,23.241621,23.47162,22.001621,23.281622,22.991621,23.48162,23.251621,24.261621,24.54162,23.31162,23.39162,25.691622,26.781622,26.991621,27.88162,28.861622,28.32162,26.82162,26.261621,25.79162,26.29162,26.73162,26.781622,26.171621,24.941622,23.13162,23.81162,22.04162,20.31162,15.681622,13.561621,14.611621,17.031622,15.911621,17.65162,17.261621,17.57162,17.281622,17.171621,16.73162,16.921621,18.031622,18.691622,19.361622,20.65162,20.941622,21.611622,21.98162,21.931622,21.841621,22.661621,23.521622,24.13162,22.491621
24.39162,25.581621,25.73162,26.04162,25.38162,24.48162,23.39162,22.82162,22.921621,22.111622,22.22162,22.07162,22.65162,22.601622,22.341621,21.71162,21.81162,21.781622,22.12162,22.96162,24.21162,25.89162,26.991621,27.101622,25.161621,24.991621,25.701622,23.13162,21.751621,22.031622,19.861622,14.9716215,10.391621,10.741621,12.081621,14.011621,12.291621,14.511621,15.301621,15.671621,15.351621,14.991621,15.491621,15.691621,15.931622,16.011621,16.781622,17.091621,18.191622,19.411621,19.431622,20.501621,20.55162,20.751621,21.101622,21.54162,23.441622,24.161621,24.80162
24.14162,24.46162,24.581621,25.431622,26.161621,25.241621,23.181622,23.441622,24.81162,23.351622,22.54162,22.89162,22.591621,22.251621,22.46162,22.201622,21.841621,21.12162,21.091621,21.54162,20.991621,19.56162,19.841621,21.30162,20.511621,21.251621,20.56162,15.2216215,14.911621,7.801621,7.891621,10.031621,11.241621,11.691621,9.741621,11.541621,12.611621,13.481621,13.331621,12.771621,13.271621,13.571621,14.081621,14.7216215,15.281621,15.251621,15.611621,15.961621,16.47162,17.111622,18.431622,18.781622,19.511621,19.351622,19.71162,19.941622,18.431622,17.741621,18.37162
24.951622,25.021622,24.671621,24.831621,22.55162,21.23162,21.001621,21.14162,21.79162,21.421621,20.431622,19.171621,16.21162,16.87162,17.64162,18.65162,18.64162,17.361622,17.05162,16.581621,17.82162,18.80162,19.911621,16.741621,11.961621,7.781621,5.761621,7.271621,7.9816213,9.621621,11.011621,8.651621,8.181622,9.441621,10.651621,11.381621,11.691621,11.251621,11.381621,11.661621,12.291621,13.101621,12.981621,13.601621,14.611621,15.051621,15.591621,15.761621,16.04162,16.98162,17.29162,17.29162,17.831621,18.98162,20.48162,16.861622,15.761621,14.381621,13.361621
