images/wind850/850wind_012.json
{"header": { "discipline":0, "disciplineName":"Meteorological products", "gribEdition":2, "gribLength":81402, "center":7, "centerName":"US National Weather Service - NCEP(WMC)", "subcenter":0, "refTime":"2025-08-06T00:00:00.000Z", "significanceOfRT":1, "significanceOfRTName":"Start of forecast", "productStatus":0, "productStatusName":"Operational products", "productType":1, "productTypeName":"Forecast products", "productDefinitionTemplate":0, "productDefinitionTemplateName":"Analysis/forecast at horizontal level/layer at a point in time", "parameterCategory":2, "parameterCategoryName":"Momentum", "parameterNumber":3, "parameterNumberName":"V-component_of_wind", "parameterUnit":"m.s-1", "genProcessType":2, "genProcessTypeName":"Forecast", "forecastTime":12, "surface1Type":100, "surface1TypeName":"Isobaric surface", "surface1Value":85000.0, "surface2Type":255, "surface2TypeName":"Missing", "surface2Value":0.0, "gridDefinitionTemplate":0, "gridDefinitionTemplateName":"Latitude_Longitude", "numberPoints":65160, "shape":6, "shapeName":"Earth spherical with radius of 6,371,229.0 m", "gridUnits":"degrees", "resolution":48, "winds":"true", "scanMode":0, "nx":360, "ny":181, "basicAngle":0, "lo1":0.0, "la1":90.0, "lo2":359.0, "la2":-90.0, "dx":1.0, "dy":1.0 }, "data":
[rows 130 to 155 of 181, columns 116 to 173 of 360]
-4.340491,-3.3204908,-2.5304906,-1.5904907,-2.5004907,-2.4204907,-3.3604908,-2.5504906,-1.5504907,-2.0504906,-1.5004907,0.24950927,1.3595092,1.5495093,2.1995094,1.7095093,1.9195093,-0.22049072,0.95950925,0.47950926,1.0195093,1.4595093,1.5395093,2.6095092,2.7695093,1.7395092,1.8595092,2.2995093,2.9095092,4.0595093,3.8895092,3.8995092,5.3095093,5.9795094,6.0695095,6.6895094,8.459509,9.759509,8.769509,6.6295094,3.6795092,-0.61049074,-2.7104907,-0.87049073,1.4395093,-0.030490723,-0.3304907,-9.580491,-17.53049,-19.50049,-16.74049,-13.9304905,-12.750491,-11.700491,-11.070491,-10.30049,-10.13049,-10.960491
-3.9304907,-3.3304908,-3.2104907,-3.2504907,-2.9904907,-4.130491,-3.1904907,-2.2404907,-2.7204907,-2.3804908,-1.0704907,0.57950926,1.3495092,0.87950927,1.5095093,1.9895092,2.2595093,1.7695093,2.6995094,1.5495093,1.8495092,1.1495093,1.9595093,2.1095092,2.3095093,2.2195094,1.5995092,2.4795094,2.2795093,4.8995094,6.1095095,7.4795094,5.029509,6.179509,7.8395095,7.259509,9.209509,10.129509,7.049509,5.6895094,4.8595095,-2.7004907,-4.360491,-3.8504908,-0.7704907,-1.1204907,-1.9304907,-4.720491,-19.57049,-21.24049,-18.67049,-14.72049,-13.270491,-11.620491,-10.400491,-11.740491,-9.59049,-8.01049
-3.1904907,-3.1604908,-3.9404907,-3.5204906,-2.7504907,-2.5504906,-1.9404907,-1.1304908,-2.1304908,-0.7804907,-0.18049072,-0.22049072,0.9895093,2.1595092,2.8995092,3.7495093,3.0895092,2.8695092,2.5195093,2.0095093,2.4295092,1.6595093,1.9495093,2.1395092,1.4495093,0.31950927,2.8295093,3.2295094,3.2195094,3.1695092,2.4595094,4.0895095,8.519509,9.049509,8.339509,8.65951,11.36951,10.389509,7.5895095,6.969509,7.6495094,-2.2004907,-6.1904907,-5.8704906,-3.0304906,-2.8804908,-3.4504907,-7.280491,-22.52049,-21.34049,-18.82049,-15.160491,-13.870491,-11.17049,-8.490491,-10.270491,-4.7704906,-2.0404906
-5.6404905,-4.6204906,-4.8104906,-4.6404905,-4.3504906,-4.280491,-3.4004908,-2.8504908,-2.4404907,-1.8404907,-1.1804907,0.07950928,-0.5204907,1.0395093,1.8895093,2.7695093,2.9595094,3.7795093,3.4895093,3.4495094,3.8095093,4.3595095,3.8795092,3.0295093,2.6395092,1.9395093,1.2095093,0.69950926,0.9695093,1.8495092,1.2395092,3.8895092,8.73951,9.559509,8.209509,8.519509,9.859509,11.509509,7.9195094,8.549509,9.759509,0.8095093,-10.210491,-7.950491,-4.780491,-4.740491,-4.130491,-5.6404905,-18.69049,-22.83049,-20.210491,-16.210491,-14.750491,-11.97049,-9.360491,-4.6804905,-4.6704907,-2.5804908
-3.8104906,-4.8904905,-2.6604908,-8.09049,-4.5804906,-3.2404907,-3.2104907,-2.5004907,-1.1304908,-0.5704907,-0.9504907,-0.66049075,1.3595092,2.3895092,2.9295092,3.7795093,3.3495092,3.3495092,2.9395094,2.0195093,3.9695094,3.9795094,3.7495093,3.6195092,3.1095092,3.3795092,2.8195093,0.5495093,2.1595092,0.83950925,1.1995093,3.1195092,4.4995093,6.5995092,6.1895094,7.659509,8.999509,11.11951,6.0595093,7.5995092,9.36951,0.4195093,-10.850491,-8.830491,-6.2104907,-5.470491,-4.9204907,-5.7104907,-15.460491,-23.09049,-23.52049,-19.25049,-17.380491,-6.050491,-2.9104908,-4.090491,-7.4804907,-7.4104905
-5.320491,-4.720491,-4.6504908,-5.6004906,-4.570491,-2.7804906,-1.9604907,-1.1604908,-0.5204907,-0.010490723,0.88950926,0.83950925,1.9995093,2.2995093,2.8095093,3.7595093,3.7595093,2.0395093,1.6595093,2.9095092,4.5695095,3.3795092,1.6195092,3.1595092,3.0195093,3.0695093,2.6595092,1.5495093,1.7095093,-0.38049072,0.0095092775,1.7095093,3.1995094,3.4995093,4.469509,6.239509,9.139509,11.459509,4.659509,6.469509,9.419509,6.1895094,-12.030491,-8.88049,-6.0804906,-5.950491,-6.2104907,-7.3504906,-12.830491,-26.230492,-26.44049,-24.67049,-11.540491,-4.720491,-8.92049,-6.2104907,-11.76049,-12.59049
-5.6804905,-4.510491,-4.5004907,-3.9004908,-3.3404908,-2.9604907,-0.9504907,-0.61049074,0.23950928,0.89950925,2.2595093,2.2495093,2.4995093,2.5795093,3.6695092,2.9395094,5.699509,2.6795092,2.8995092,2.7795093,2.4195092,3.6295092,2.4395094,2.8295093,2.4795094,1.5095093,1.2295092,0.9195093,0.49950927,0.7495093,-0.19049072,-1.3504907,1.9995093,1.8195093,2.8995092,4.389509,6.9195094,9.44951,5.6895094,7.4195094,9.629509,-4.1504908,-9.520491,-8.070491,-6.9004908,-7.1404905,-6.970491,-6.380491,-14.640491,-25.52049,-32.46049,-21.77049,-19.20049,-7.950491,-3.3604908,-10.34049,-11.710491,-12.870491
-5.720491,-4.990491,-4.0604906,-2.7004907,-3.4704907,-2.4204907,-0.41049072,-0.85049075,-0.060490724,1.3995093,1.9495093,2.0795093,1.9995093,2.7395093,3.2095094,3.3495092,3.4795094,2.9695094,3.9495094,4.0895095,3.5095093,3.3495092,3.7095094,2.9495094,2.4095092,2.1895094,-0.93049073,-1.9004908,-0.22049072,-1.4704907,-1.3204907,-1.7804908,-2.0004907,-0.80049074,-0.3304907,1.5195093,4.3295093,6.7495093,4.779509,4.179509,7.8095093,-3.2004907,-8.290491,-7.590491,-6.050491,-7.9104905,-6.760491,-6.8904905,-13.410491,-27.18049,-29.220491,-20.42049,-10.390491,-14.4304905,-6.610491,-11.940491,-10.1804905,-10.450491
-5.610491,-5.3104906,-4.4204907,-2.7804906,-1.1304908,-0.7604907,-0.41049072,0.17950928,1.0195093,0.9195093,-0.5304907,1.1595093,2.1495092,2.4995093,3.2295094,1.3595092,1.7895093,0.039509278,2.0395093,3.6495092,2.3695092,2.2495093,3.6395092,3.7295094,2.8395092,0.27950928,-0.3904907,-0.7004907,-3.0104907,-3.5604906,-3.1104908,-2.6204908,-1.9004908,-2.0904908,-3.4304907,-1.2204907,0.15950927,3.1395092,2.8095093,2.4595094,3.6895094,-2.4504907,-7.0604906,-7.220491,-6.9804907,-8.270491,-7.300491,-8.140491,-9.690491,-30.99049,-26.95049,-25.120491,-15.84049,-11.890491,-14.80049,-6.6904907,-5.990491,-7.9304905
-6.780491,-5.1204906,-4.380491,-1.7404907,0.0095092775,1.3395092,2.9295092,1.8795093,0.8595093,1.5695093,2.4795094,3.0095093,0.7295093,0.25950927,0.87950927,0.47950926,3.4095092,3.7095094,4.2695093,3.5595093,2.6995094,3.2195094,3.2895093,3.8695092,2.6995094,1.5295093,2.4295092,-0.68049073,-2.2704906,-4.510491,-5.6004906,-5.4304905,-4.6204906,-3.7304907,-4.9304905,-3.9004908,-3.5604906,-1.4104908,0.3595093,-0.7704907,0.20950928,-1.8804908,-7.6904907,-7.4104905,-7.800491,-7.6404905,-7.220491,-6.4604907,-9.17049,-16.83049,-26.120491,-25.68049,-22.50049,-15.160491,-13.72049,-11.490491,-5.1204906,-7.380491
-7.8704906,-6.340491,-3.6404908,-1.4704907,0.17950928,3.2795093,4.1095095,4.219509,3.7995093,1.8195093,3.9595094,2.4495094,1.4095093,-0.37049073,0.81950927,2.8795092,0.95950925,1.5595093,1.8095093,2.6395092,4.0695095,4.5895095,5.5595093,7.6095095,5.8395095,2.5895092,-0.7004907,0.34950927,-1.3504907,-6.340491,-4.490491,-9.060491,-7.530491,-6.530491,-6.4604907,-6.9404907,-6.1404905,-5.9304905,-2.9104908,-2.3804908,-1.5704907,-3.5904908,-9.530491,-9.38049,-9.22049,-7.470491,-7.1904907,-7.260491,-8.750491,-12.690491,-16.68049,-21.02049,-22.880491,-20.94049,-15.790491,-13.370491,-8.230491,-5.1204906
-6.590491,-4.130491,-5.4204907,-1.4604907,0.6695093,3.8795092,4.9995093,2.8395092,2.4295092,1.5595093,-0.24049072,1.5595093,2.6195092,2.1295092,1.8695092,1.7195092,2.3695092,3.4095092,3.5995092,2.7495093,4.3095093,5.299509,5.8195095,6.2695093,6.7695093,6.699509,5.889509,0.3295093,-2.0604906,-10.460491,-6.1404905,-10.47049,-11.38049,-10.820491,-10.390491,-9.17049,-8.690491,-7.4104905,-6.760491,-5.3504906,-3.7304907,-3.0304906,-4.9104905,-12.38049,-11.350491,-9.820491,-8.070491,-7.4604907,-7.4104905,-7.0204906,-9.640491,-18.28049,-19.43049,-20.24049,-19.140491,-15.230491,-11.240491,-8.120491
-6.6804905,-5.050491,-5.5804906,-2.7604907,1.9895092,4.8495092,1.9595093,0.40950927,2.4595094,1.0695093,1.2195092,2.2295094,3.6495092,3.9395094,4.159509,2.7195094,6.549509,4.929509,4.259509,6.1695094,5.759509,6.759509,5.699509,7.1895094,5.739509,5.3595095,4.989509,2.0895092,-2.0604906,-3.9404907,-7.3304906,-8.100491,-13.72049,-14.250491,-12.120491,-12.570491,-11.160491,-10.610491,-9.660491,-8.790491,-6.8904905,-4.780491,-4.610491,-7.7504907,-14.080491,-12.860491,-11.38049,-9.13049,-8.890491,-9.020491,-9.34049,-10.310491,-13.22049,-15.940491,-18.370491,-15.020491,-13.1804905,-12.620491
-6.840491,-8.110491,-7.090491,-1.4704907,2.6995094,-0.20049073,1.1395093,1.1695093,1.6095092,2.5395093,3.6595092,3.6195092,3.1195092,4.299509,3.9095092,4.6495094,5.6295094,5.1895094,5.799509,5.0995092,5.779509,6.0595093,6.219509,7.2295094,7.3195095,5.719509,5.369509,4.759509,-2.3904908,-2.6104908,-5.760491,-11.900491,-16.230492,-19.060492,-15.400491,-16.33049,-14.900491,-12.940491,-12.4304905,-11.820491,-10.100491,-7.5004907,-4.4104905,-4.130491,-8.850491,-14.6804905,-14.67049,-11.950491,-10.480491,-10.200491,-9.700491,-9.440491,-10.830491,-13.1804905,-13.820491,-15.38049,-16.57049,-14.860491
-10.960491,-9.210491,-3.5404906,-0.21049072,-1.4004908,-0.66049075,0.40950927,3.3095093,4.6895094,4.5695095,5.949509,7.2495093,7.8395095,7.759509,7.5395093,7.279509,6.6495094,6.619509,6.2495093,6.0595093,5.6895094,5.4795094,5.509509,4.799509,5.5695095,4.5695095,6.449509,9.789509,-4.4404907,-6.590491,-7.1504908,-10.320491,-16.00049,-24.69049,-21.94049,-19.57049,-18.370491,-15.450491,-15.460491,-13.610491,-12.250491,-10.22049,-7.5804906,-5.0604906,-5.5404906,-12.97049,-13.63049,-14.440491,-12.750491,-11.500491,-11.17049,-10.600491,-10.520491,-11.980491,-10.13049,-11.870491,-10.780491,-15.860491
-9.01049,-4.360491,-3.6504908,-1.9304907,-1.0104908,1.3395092,2.8995092,4.5895095,4.5195093,6.5695095,7.5795093,8.589509,8.44951,9.11951,9.399509,9.169509,8.549509,7.659509,6.3595095,6.1095095,4.7295094,3.3395092,3.0895092,3.8895092,2.7795093,2.7195094,2.6995094,3.7795093,3.8895092,1.2895093,0.7395093,-4.5404906,-17.68049,-15.950491,-25.790491,-23.18049,-21.560492,-19.60049,-17.65049,-15.870491,-14.200491,-11.610491,-9.580491,-8.280491,-5.990491,-11.160491,-13.63049,-13.640491,-14.210491,-12.710491,-11.610491,-11.600491,-11.000491,-11.67049,-11.230491,-10.850491,-9.4304905,-7.800491
-6.1204906,-4.470491,-3.0004907,-1.0804907,0.24950927,2.0395093,3.5295093,5.549509,7.2095094,6.9595094,7.8595095,9.19951,9.899509,10.359509,10.009509,10.259509,10.109509,8.86951,8.729509,7.1895094,7.7695093,2.7495093,0.56950927,1.2995093,0.7395093,0.40950927,0.17950928,1.6595093,-0.030490723,-0.3904907,-2.0504906,-1.7404907,-3.8104906,-13.84049,-18.790491,-20.790491,-25.52049,-23.060492,-19.86049,-17.75049,-16.120491,-13.650491,-11.250491,-9.140491,-8.6804905,-6.510491,-10.370491,-13.640491,-13.34049,-14.22049,-12.480491,-10.350491,-11.750491,-12.580491,-11.040491,-10.410491,-10.390491,-9.84049
-4.8104906,-2.7504907,-1.3704907,-0.79049075,1.6995093,2.6995094,3.3995092,5.5195093,6.4395094,9.219509,11.679509,12.929509,12.509509,11.439509,11.109509,9.679509,8.849509,7.8595095,6.619509,7.159509,6.3995094,3.9395094,0.23950928,-0.5104907,-0.60049075,-1.7204907,-2.0004907,-2.3004906,-2.0104907,-2.5704908,-4.3504906,-6.2504907,-5.8504906,-8.570491,-12.450491,-19.34049,-27.43049,-26.07049,-24.230492,-20.34049,-17.91049,-15.390491,-12.730491,-10.940491,-9.500491,-8.770491,-6.7904906,-9.34049,-13.580491,-14.4304905,-13.860491,-12.370491,-11.250491,-10.160491,-10.26049,-9.63049,-7.950491,-6.2904906
-3.4404907,-1.1904907,0.5295093,1.8295093,2.6195092,3.8495092,4.619509,7.509509,8.90951,9.36951,9.40951,8.919509,12.089509,11.65951,11.039509,11.359509,10.61951,10.499509,9.94951,9.549509,6.5595093,2.9695094,-0.41049072,-2.2704906,-3.7304907,-5.0604906,-5.6404905,-5.950491,-6.1404905,-6.4604907,-7.760491,-8.030491,-10.320491,-9.59049,-11.55049,-15.4304905,-29.10049,-30.140491,-27.40049,-23.28049,-20.620491,-17.42049,-14.42049,-12.030491,-10.070491,-9.600491,-8.540491,-7.6504908,-8.9304905,-11.950491,-10.910491,-13.17049,-12.150491,-9.650491,-7.9104905,-7.950491,-7.610491,-6.8904905
-1.3904908,0.07950928,1.7495093,2.2395093,3.0595093,4.8795094,6.619509,7.5995092,6.909509,6.159509,6.8595095,8.389509,10.259509,11.639509,13.339509,12.559509,11.229509,12.859509,13.309509,13.359509,11.519509,9.98951,7.3195095,2.1595092,-2.0704908,-4.4404907,-5.4204907,-6.9604907,-10.26049,-8.710491,-7.820491,-12.520491,-13.990491,-12.940491,-15.460491,-14.63049,-29.65049,-30.91049,-29.44049,-26.040491,-21.92049,-19.16049,-16.10049,-13.22049,-11.350491,-9.950491,-8.22049,-8.09049,-7.090491,-7.9604907,-10.84049,-10.890491,-10.1804905,-9.690491,-7.9604907,-7.3504906,-6.740491,-5.4804907
0.6895093,1.1895093,3.4095092,5.0895095,6.2895093,7.2495093,6.3495092,3.8895092,4.9595094,6.4595094,7.3795094,8.149509,9.249509,11.179509,13.48951,11.799509,10.399509,9.3195095,9.82951,11.52951,8.629509,6.009509,4.199509,2.5595093,1.3995093,-0.4204907,-1.6404908,-5.8104906,-9.26049,-9.730491,-9.370491,-9.580491,-12.790491,-14.09049,-14.120491,-20.230492,-29.730492,-30.720491,-29.550491,-26.290491,-21.82049,-18.94049,-16.050491,-13.09049,-10.700491,-10.960491,-10.250491,-8.650491,-8.09049,-6.9404907,-7.380491,-9.6804905,-10.200491,-8.97049,-7.860491,-6.340491,-6.2704906,-5.9304905
2.0295093,3.4695094,4.639509,5.3095093,4.889509,3.0695093,3.7995093,5.5695095,7.0195093,7.6295094,5.5895095,5.5795093,7.2495093,8.8195095,8.109509,5.0395093,2.0395093,4.8495092,7.509509,8.929509,8.849509,7.869509,6.8495092,6.0695095,6.1295094,6.009509,4.0795093,1.1595093,-0.4804907,-2.4704907,-5.6604905,-8.240491,-9.17049,-11.620491,-16.66049,-22.17049,-25.57049,-26.52049,-26.120491,-22.70049,-20.65049,-17.550491,-14.4304905,-12.4304905,-10.460491,-11.370491,-11.30049,-10.020491,-8.390491,-7.0604906,-6.1704907,-5.740491,-8.730491,-10.26049,-8.97049,-7.7504907,-7.1504908,-7.1504908
2.0695093,2.4595094,3.2595093,3.3495092,2.2695093,3.5995092,4.369509,6.1295094,5.8095093,5.549509,5.3795094,5.909509,6.489509,6.3195095,5.639509,5.989509,6.779509,7.3595095,8.419509,6.739509,5.719509,5.909509,4.699509,4.139509,3.5395093,2.6395092,1.6195092,0.30950928,-1.0504907,-2.7604907,-3.5404906,-3.5404906,-5.9004908,-8.940491,-11.67049,-14.1804905,-15.580491,-16.74049,-16.35049,-16.19049,-16.050491,-14.830491,-13.040491,-11.620491,-12.01049,-12.360491,-11.230491,-10.47049,-8.360491,-7.3504906,-4.9104905,-5.220491,-5.3504906,-9.460491,-10.890491,-9.230491,-7.630491,-8.140491
1.3595092,2.1095092,2.0795093,2.6795092,2.9495094,2.6595092,3.2295094,4.4595094,5.9995093,6.0895095,5.9995093,5.469509,5.929509,5.679509,4.0595093,1.2195092,0.48950928,2.9395094,3.0395093,3.7395093,4.1295094,4.4395094,4.8095093,5.0595093,5.3595095,5.179509,4.8295093,4.0995092,3.3495092,2.1295092,-0.34049073,-3.9304907,-7.5804906,-9.960491,-11.750491,-10.700491,-10.97049,-11.80049,-12.100491,-12.740491,-13.9304905,-12.410491,-12.020491,-12.13049,-12.63049,-12.51049,-12.4304905,-10.280491,-8.250491,-7.1604905,-5.1604905,-6.1804905,-6.5804906,-9.05049,-9.940491,-10.730491,-9.59049,-10.240491
0.40950927,0.50950927,1.4395093,2.5095093,3.2995093,4.3495092,4.009509,3.9695094,4.469509,2.6895094,3.4395094,4.299509,4.3095093,2.5295093,2.6095092,1.7395092,1.7195092,1.9795092,2.2695093,2.6195092,3.3295093,3.5995092,3.9095092,4.6095095,4.9395094,5.929509,7.279509,8.629509,8.269509,9.179509,10.059509,5.8795094,0.31950927,-4.3704906,-7.990491,-9.020491,-8.740491,-7.9204907,-13.040491,-14.830491,-14.88049,-15.210491,-15.150491,-14.400491,-12.040491,-12.67049,-11.370491,-9.730491,-7.780491,-8.270491,-7.220491,-7.090491,-8.080491,-9.000491,-12.84049,-12.63049,-9.540491,-8.310491
0.3595093,0.9395093,1.0795093,1.3295093,1.7695093,1.9495093,0.5495093,0.40950927,1.3095093,1.5495093,1.3995093,0.83950925,-0.26049072,-2.7704906,-2.3804908,-0.87049073,0.16950928,1.6695093,2.8795092,3.9795094,4.8295093,5.6695094,5.3195095,4.369509,4.7095094,5.7495093,6.679509,10.27951,10.48951,11.509509,15.179509,10.189509,5.5795093,3.7695093,0.5995093,-5.0604906,-8.620491,-9.67049,-8.790491,-9.640491,-6.4804907,-10.660491,-15.6804905,-14.710491,-12.4304905,-11.490491,-10.76049,-11.1804905,-10.650491,-9.580491,-8.200491,-9.070491,-9.6804905,-13.59049,-11.72049,-11.030491,-8.980491,-7.990491
