images/wind850/850wind_012.json
{"header": { "discipline":0, "disciplineName":"Meteorological products", "gribEdition":2, "gribLength":79862, "center":7, "centerName":"US National Weather Service - NCEP(WMC)", "subcenter":0, "refTime":"2025-08-06T00:00:00.000Z", "significanceOfRT":1, "significanceOfRTName":"Start of forecast", "productStatus":0, "productStatusName":"Operational products", "productType":1, "productTypeName":"Forecast products", "productDefinitionTemplate":0, "productDefinitionTemplateName":"Analysis/forecast at horizontal level/layer at a point in time", "parameterCategory":2, "parameterCategoryName":"Momentum", "parameterNumber":2, "parameterNumberName":"U-component_of_wind", "parameterUnit":"m.s-1", "genProcessType":2, "genProcessTypeName":"Forecast", "forecastTime":12, "surface1Type":100, "surface1TypeName":"Isobaric surface", "surface1Value":85000.0, "surface2Type":255, "surface2TypeName":"Missing", "surface2Value":0.0, "gridDefinitionTemplate":0, "gridDefinitionTemplateName":"Latitude_Longitude", "numberPoints":65160, "shape":6, "shapeName":"Earth spherical with radius of 6,371,229.0 m", "gridUnits":"degrees", "resolution":48, "winds":"true", "scanMode":0, "nx":360, "ny":181, "basicAngle":0, "lo1":0.0, "la1":90.0, "lo2":359.0, "la2":-90.0, "dx":1.0, "dy":1.0 }, "data":
[rows 52 to 77 of 181, columns 236 to 294 of 360]
5.629297,4.4792967,1.3392968,0.54929686,-1.6807032,1.3892969,1.5592968,-0.8007031,-1.1707032,-1.0607032,-1.2607031,-2.6407032,-0.07070313,-0.32070312,0.3292969,0.26929688,-0.8007031,0.9692969,-1.1807032,3.239297,8.039297,8.269297,5.759297,9.779297,12.689297,12.139297,8.609297,6.889297,6.859297,5.359297,4.449297,3.0292969,2.8792968,2.489297,2.1492968,0.8292969,2.1192968,4.049297,2.0792968,2.3192968,1.5492969,0.7192969,0.40929687,1.0392969,-2.1107032,-2.3607032,-4.0007033,-5.460703,-5.490703,-6.300703,-6.510703,-7.240703,-7.550703,-6.680703,-5.5807033,-5.140703,-4.5007033,-3.6407032,-3.280703
4.329297,5.2692966,3.7892969,2.019297,-0.4507031,-1.8807031,0.37929687,-0.43070313,0.7192969,-2.4207032,0.07929687,-2.2207031,1.3792969,-0.4507031,-0.41070312,-1.0707031,-1.8807031,-1.4907031,2.249297,3.659297,1.8092968,4.9392967,13.009296,16.079296,15.739297,11.539297,8.129297,5.849297,4.409297,3.5692968,3.999297,3.8692968,2.659297,0.12929687,-0.7307031,0.7192969,-0.51070315,1.0492969,0.98929685,1.2492969,2.0692968,1.2292969,0.059296876,-1.1807032,-2.4507031,-2.790703,-2.500703,-0.35070312,-1.1607032,-2.6007032,-3.300703,-5.320703,-5.530703,-3.050703,-3.2107031,-2.590703,-1.7407031,-1.3007032,-1.8007032
2.739297,3.999297,0.47929686,0.22929688,-0.76070315,0.8892969,3.189297,2.739297,0.44929686,3.709297,0.6892969,0.6392969,1.4992969,-0.20070313,1.4392968,2.5992968,3.679297,-1.2607031,-1.2907032,2.669297,4.4592967,12.849297,16.819298,14.839297,12.329297,11.609297,6.589297,4.409297,2.259297,3.0892968,3.7992969,2.209297,0.40929687,-1.9307032,-2.330703,-3.9507031,-2.9307032,-0.88070315,1.0492969,0.41929686,2.1492968,2.939297,-1.3507031,-1.7707031,-1.1607032,0.91929686,-1.9607031,-2.1407032,-0.52070314,-1.2307031,-3.230703,-3.030703,-4.2507033,-3.6107032,-2.310703,-1.3107032,0.17929688,0.42929688,-0.060703125
1.2392969,1.8292968,2.249297,0.12929687,-1.8107032,1.0692968,5.619297,9.979297,3.749297,2.489297,0.17929688,-0.16070312,-1.2007031,0.97929686,0.8392969,-0.90070313,2.7892969,0.9492969,-0.88070315,3.499297,5.5192966,13.599297,12.229297,11.989297,10.479297,7.3992968,4.7492967,1.9392968,-0.020703126,-0.5407031,0.31929687,0.78929687,-0.7507031,-1.1107031,-0.96070313,-0.26070312,-1.7507031,-4.2907033,-3.500703,-2.250703,-0.5507031,-0.07070313,0.5692969,1.4992969,-0.8507031,-1.0007031,-1.5807031,-3.240703,-1.8707031,-0.6807031,-0.38070312,-1.3207031,-2.1107032,-2.6307032,-3.520703,-2.3907032,-1.1607032,0.07929687,-0.080703124
0.41929686,1.3392968,2.449297,1.3892969,1.7492969,1.5192969,1.8092968,0.79929686,1.2792969,2.739297,0.44929686,1.0692968,-0.10070313,-1.3907031,-2.050703,1.1692969,0.66929686,0.3892969,0.43929687,3.3992968,4.849297,8.989297,9.769297,10.109297,7.379297,5.1492968,2.5492969,-1.5107031,-1.7507031,-1.9807031,-1.4207032,-1.3107032,-0.6807031,0.36929688,1.0392969,1.3092968,1.1392969,1.1292969,-0.010703125,-0.34070313,-0.4507031,3.3992968,4.449297,1.0592968,1.1392969,0.15929687,-1.7407031,-2.000703,-3.290703,-4.620703,-3.4007032,-0.88070315,-1.5207031,-1.8507031,-0.43070313,0.7192969,0.039296877,0.25929686,0.60929686
-0.5007031,0.9692969,2.1292968,2.5892968,2.909297,2.2792969,2.3892968,3.3092968,4.9592967,0.9592969,0.54929686,1.5192969,0.8292969,0.039296877,2.5992968,-1.2207031,-1.3007032,-5.190703,-2.2007031,5.719297,2.699297,4.739297,6.589297,6.0192966,4.6892967,2.489297,0.45929688,-0.25070313,-1.5307031,0.9092969,0.30929688,0.099296875,0.3292969,0.08929688,2.719297,3.1392968,1.8092968,1.7392969,3.259297,2.2992969,4.449297,6.329297,5.7492967,4.809297,2.6392968,2.2992969,-0.5407031,-1.6107031,-2.570703,-2.2207031,-0.7407031,0.12929687,0.029296875,-0.5907031,-1.2907032,-2.1407032,-0.080703124,2.0592968,3.409297
-1.0807031,0.37929687,1.4492968,1.9592968,2.229297,2.1292968,2.719297,3.1392968,1.6392969,1.7692969,-0.5307031,1.5292969,-0.83070314,-0.17070313,1.3692969,3.0992968,-0.6807031,-0.24070312,-1.6907032,0.8892969,4.909297,1.5992969,2.019297,2.5692968,2.3692968,0.59929687,-0.26070312,-0.83070314,-0.020703126,0.049296875,-1.3007032,-0.77070314,2.199297,2.959297,1.4092969,2.519297,4.2492967,4.859297,4.6692967,4.849297,4.1892967,5.309297,5.239297,4.239297,1.4792969,0.8792969,1.3192968,-0.95070314,-3.2007031,-4.370703,-4.150703,-3.520703,-2.6107032,-2.6907032,-1.3607031,-0.10070313,-0.19070312,0.59929687,1.3092968
-0.51070315,0.11929688,0.8292969,1.1692969,1.8092968,2.159297,2.659297,2.8092968,0.7792969,-1.2907032,1.6592969,-0.29070312,-0.8707031,-1.4907031,0.019296875,-0.6207031,-1.1207031,2.8892968,-2.7007031,0.20929688,2.5892968,1.0592968,-1.1507031,0.9092969,-0.030703126,-0.69070315,-1.2807031,-1.5807031,-0.9807031,-1.2907032,-1.2007031,-1.1607032,-1.8507031,-0.10070313,0.3892969,0.66929686,1.0792968,2.5892968,3.219297,4.349297,5.6492968,5.119297,3.439297,2.919297,2.2992969,1.4492968,1.3692969,0.92929685,-1.2107031,-3.1107032,-4.5407033,-3.590703,-1.4707031,-0.89070314,-0.70070314,-0.07070313,-0.10070313,1.2192969,1.5292969
-0.050703123,0.41929686,0.6992969,0.8292969,1.4092969,2.269297,2.0492969,2.729297,2.3792968,3.259297,1.3692969,-1.5807031,-0.77070314,-1.2307031,-2.080703,-1.7007031,1.6692969,0.6992969,-0.8507031,-0.31070313,-0.6207031,-0.51070315,-2.9507031,-1.7907032,-0.9107031,-1.6007031,-1.9107032,-0.46070313,0.27929688,-0.5007031,0.7592969,1.4592968,0.37929687,0.54929686,0.8792969,2.0392969,3.469297,4.289297,4.299297,4.409297,5.609297,3.969297,0.9692969,1.2892969,1.8892969,1.0492969,0.9492969,1.2792969,1.1392969,-0.7307031,-1.2607031,-0.9807031,-1.1007031,-1.5207031,-1.1207031,-0.110703126,0.48929688,1.0092969,0.6492969
0.21929687,0.43929687,0.66929686,1.0092969,1.3492969,1.8192968,1.4992969,1.5692968,1.4292969,0.9692969,0.3592969,-0.38070312,-2.540703,0.18929687,-1.9107032,-1.2407031,-1.3907031,0.45929688,-2.090703,-2.8807032,0.37929687,-2.8607032,-0.4207031,-3.1107032,-3.1507032,-2.760703,-1.6707032,-1.2807031,-0.8007031,0.54929686,0.45929688,0.86929685,1.3992969,3.2792969,3.419297,3.1292968,3.5392969,4.549297,4.299297,3.8592968,2.979297,3.1092968,1.3592969,0.61929685,1.4692969,0.86929685,0.8192969,0.9992969,0.73929685,2.1292968,1.5192969,-0.57070315,-2.010703,-2.4007032,-1.7207031,-1.0807031,-0.95070314,-0.9807031,-1.5407032
-0.18070312,0.07929687,0.6592969,0.86929685,0.66929686,1.3792969,0.8892969,0.53929687,0.47929686,-0.70070314,-0.7907031,-2.4307032,-3.510703,-2.6107032,-2.230703,-0.82070315,-2.2007031,1.6192969,0.18929687,-2.1107032,-4.640703,-5.190703,-1.8607031,-4.340703,-5.240703,-2.300703,-1.7607031,-1.1207031,-0.4507031,0.25929686,1.0692968,1.2792969,1.4992969,1.6792969,2.3692968,2.8692968,2.519297,3.6192968,3.259297,2.729297,3.2992969,2.8292968,-0.8507031,-0.28070313,-0.35070312,-0.22070312,-0.5607031,-2.030703,-1.7607031,-2.050703,-2.9407032,-2.310703,-3.260703,-3.010703,-2.230703,-2.3907032,-2.490703,-3.1607032,-3.580703
-0.94070315,-0.010703125,0.17929688,0.5292969,0.13929687,0.44929686,0.28929687,-0.26070312,-0.26070312,-0.8507031,-0.58070314,-2.770703,-3.070703,-3.080703,-3.1407032,-1.1707032,-2.810703,-1.3707031,-0.70070314,0.39929688,-2.520703,-1.9507031,-2.330703,-2.6907032,-3.050703,-3.590703,-1.8007032,-0.30070314,0.66929686,0.61929685,1.0192969,0.59929687,0.92929685,0.9692969,0.7592969,1.7392969,1.8392968,2.769297,2.1192968,0.8892969,2.3992968,0.13929687,-1.7107031,-1.3307031,-2.2107031,-3.020703,-3.010703,-4.050703,-4.2707033,-4.970703,-4.0207033,-3.290703,-3.810703,-3.980703,-2.530703,-3.1607032,-3.500703,-4.970703,-5.3307033
-1.3907031,-0.57070315,-0.5607031,0.019296875,-0.4507031,-0.23070313,-0.8107031,-0.6707031,-0.64070314,-1.0507032,-1.0607032,-1.7907032,-4.180703,-5.170703,-4.920703,-2.780703,-2.840703,-2.580703,1.1592969,-1.8407031,-4.7907033,-6.8307033,-4.440703,-2.480703,-4.420703,-2.560703,-1.3107032,-0.37070313,0.45929688,0.24929687,-0.43070313,-0.41070312,-0.41070312,-0.51070315,-0.25070313,0.24929687,-0.13070312,-1.4607031,-0.76070315,1.1492969,-0.5007031,-2.6907032,-2.4507031,-2.830703,-3.8707032,-4.180703,-4.610703,-5.070703,-5.160703,-4.280703,-3.510703,-3.520703,-4.220703,-3.6007032,-4.2707033,-4.610703,-5.2707033,-6.620703,-7.110703
-2.310703,-1.2707031,-1.1207031,-0.6707031,-1.0507032,-0.35070312,-1.7407031,-0.95070314,-0.46070313,-1.4707031,-2.030703,-2.2207031,-3.830703,-4.820703,-3.830703,-3.7107031,-1.5607032,-1.1607032,-1.7107031,0.12929687,-1.1807032,-2.1407032,-2.6207032,-2.230703,-0.010703125,-0.64070314,-1.3107032,-1.8607031,-1.5707031,-2.090703,-2.4507031,-2.820703,-3.080703,-3.080703,-2.530703,-2.090703,-2.040703,-2.1507032,-2.8607032,-3.080703,-2.4607031,-4.0407033,-4.030703,-3.9507031,-5.0807033,-5.970703,-6.240703,-5.2707033,-4.260703,-4.150703,-4.510703,-4.360703,-5.8307033,-5.410703,-5.740703,-6.160703,-7.530703,-8.030704,-8.230703
-2.820703,-1.7007031,-0.9707031,-0.6707031,-0.83070314,-0.7207031,-1.2807031,-1.4507031,-0.9807031,-1.2007031,-1.1607032,-2.050703,-2.500703,-3.340703,-3.780703,-2.6307032,-1.6207031,-0.90070313,-2.1007032,-0.65070313,-1.9607031,0.08929688,-1.3607031,-1.8907031,-0.10070313,-1.4507031,-2.480703,-3.830703,-3.730703,-3.7207031,-4.3507032,-5.1007032,-4.700703,-4.5207033,-2.9007032,-2.4407032,-2.3707032,-2.4107032,-3.340703,-3.6507032,-4.530703,-4.180703,-4.180703,-4.220703,-5.910703,-6.130703,-6.0007033,-4.8507032,-4.490703,-5.140703,-4.050703,-4.900703,-4.180703,-4.300703,-6.180703,-6.800703,-8.120703,-8.270703,-7.900703
-2.580703,-1.2407031,-0.35070312,0.12929687,0.07929687,0.61929685,0.12929687,-0.76070315,-1.1007031,-1.6707032,-1.2507031,-1.5707031,-2.010703,-2.010703,-3.000703,-1.7907032,-0.58070314,-0.07070313,-0.24070312,-2.580703,-2.730703,-2.1007032,-5.3107033,-1.1707032,-0.9907031,-1.4307032,-4.030703,-4.3507032,-4.0807033,-6.640703,-5.110703,-6.170703,-6.4807034,-6.690703,-6.340703,-4.910703,-5.5807033,-4.3507032,-4.620703,-4.7707033,-4.940703,-4.9807034,-4.5207033,-6.340703,-4.990703,-4.920703,-6.220703,-4.8307033,-6.900703,-4.570703,-4.490703,-4.2307034,-5.930703,-6.9807034,-7.2907033,-7.800703,-8.150703,-7.950703,-7.7507033
-4.630703,-3.6807032,-1.8107032,-0.82070315,-0.7507031,0.21929687,0.019296875,-0.21070312,-0.58070314,-1.0407032,-1.9407032,-2.2207031,-3.8507032,-3.4307032,-3.760703,-3.1507032,-3.230703,-1.1107031,-0.35070312,-1.3307031,-2.1907032,-1.1907032,-1.3507031,-1.4307032,-2.2007031,-3.6507032,-4.380703,-4.660703,-5.570703,-6.760703,-7.870703,-9.750703,-9.010703,-8.120703,-7.780703,-7.120703,-5.760703,-7.190703,-6.700703,-6.240703,-4.140703,-4.840703,-5.210703,-4.1007032,-3.9107032,-2.580703,-3.6407032,-5.090703,-5.960703,-5.5007033,-4.710703,-6.960703,-7.410703,-7.090703,-8.640703,-8.290703,-8.080703,-7.930703,-7.5607033
-6.0207033,-4.6007032,-3.260703,-2.230703,-1.6407031,-0.33070314,-0.9807031,-0.7307031,-0.71070313,-0.5907031,-1.4807031,-2.520703,-3.750703,-4.220703,-3.590703,-3.6507032,-3.070703,-1.5507032,-0.20070313,-0.28070313,-1.8507031,-2.8707032,0.5892969,-1.1907032,-1.1407031,-0.5307031,-4.3507032,-4.890703,-6.710703,-7.860703,-9.090703,-10.900703,-10.690703,-9.560703,-9.830703,-9.090703,-7.570703,-6.570703,-7.050703,-6.3307033,-4.5807033,-5.170703,-2.550703,-2.8607032,-0.28070313,-2.7007031,-3.1107032,-2.780703,-4.2707033,-6.180703,-6.5607033,-7.3507032,-8.530704,-9.480703,-8.370703,-8.400703,-8.740704,-7.970703,-7.0807033
-5.650703,-5.5207033,-4.960703,-3.3607032,-2.520703,-1.4807031,-1.0607032,-1.4707031,-1.2007031,-0.9707031,-1.3607031,-2.050703,-2.7107031,-3.7007031,-3.1507032,-2.570703,-2.6607032,-2.750703,-2.750703,0.19929688,-0.38070312,-0.6607031,-1.4207032,-0.5907031,-2.000703,-1.0007031,0.6492969,-1.4507031,-7.2507033,-8.020703,-11.700703,-11.500703,-10.740704,-9.790703,-10.650703,-10.200703,-9.750703,-8.740704,-8.140703,-6.880703,-5.710703,-2.990703,-1.6007031,-1.0107031,-2.6107032,-3.510703,-5.260703,-3.3807032,-1.3207031,-5.8107033,-5.650703,-7.960703,-9.590703,-10.260703,-7.7907033,-7.950703,-8.640703,-8.400703,-7.740703
-5.680703,-5.360703,-4.9807034,-3.840703,-2.840703,-2.8907032,-1.8307031,-1.4107032,-1.8607031,-1.4807031,-1.6907032,-1.9507031,-2.1607032,-2.330703,-1.5407032,-1.8307031,-3.790703,-4.410703,-3.9307032,-3.030703,-0.17070313,-1.4607031,-1.0007031,-0.20070313,-2.1407032,-0.30070314,-1.4707031,0.61929685,-6.700703,-10.400703,-13.060703,-13.250703,-11.900703,-11.940703,-12.890703,-11.3207035,-10.560703,-9.440703,-8.840703,-9.890703,-8.300703,-6.5407033,-5.7307034,-4.710703,-4.180703,-3.990703,-4.050703,-3.290703,-4.400703,-1.5907031,-2.4107032,-3.270703,-0.7507031,-1.2707031,-5.8507032,-7.9807034,-7.7307034,-7.820703,-7.650703
-4.320703,-5.150703,-4.760703,-3.840703,-3.800703,-3.3807032,-3.1607032,-1.9107032,-2.290703,-2.330703,-1.8807031,-2.1207032,-2.230703,-2.6507032,-1.7707031,-3.3607032,-4.610703,-4.280703,-3.9707031,-3.8507032,-4.200703,-3.560703,-1.9107032,-0.7407031,-2.4207032,-2.6207032,-2.250703,-1.6407031,-1.5307031,-9.330703,-9.300703,-10.700703,-12.170703,-12.050703,-14.890703,-11.830703,-10.600703,-10.830703,-10.050703,-8.890703,-9.980703,-9.060703,-8.280704,-8.290703,-7.650703,-6.420703,-4.860703,-2.4607031,-3.070703,-1.5507032,-2.500703,-0.9307031,-2.4407032,-9.260703,-8.830703,-6.780703,-6.400703,-7.3507032,-7.900703
-3.480703,-3.050703,-4.160703,-3.770703,-3.570703,-3.4307032,-3.8807032,-3.6507032,-2.800703,-2.740703,-2.6807032,-2.300703,-2.330703,-2.790703,-2.060703,-2.530703,-2.6007032,-1.7207031,-3.1907032,-3.560703,-3.550703,-2.9107032,-2.4607031,-1.2407031,-0.5307031,-0.29070312,-0.82070315,-0.89070314,-0.5507031,-8.620703,-0.17070313,-1.4607031,-3.4007032,-10.450703,-9.480703,-14.060703,-10.540703,-11.060703,-10.260703,-10.110703,-10.400703,-11.630703,-11.020703,-11.190703,-8.550703,-8.930703,-7.8307033,-7.2307034,-8.290703,-8.0707035,-10.290703,-12.110703,-11.810703,-10.640703,-8.680703,-8.110703,-7.7707033,-7.890703,-7.380703
-2.730703,-1.3907031,-1.5307031,-2.4607031,-2.000703,-3.1907032,-3.240703,-3.990703,-3.840703,-3.9407032,-3.800703,-3.6307032,-2.3907032,-2.490703,-2.760703,-1.7307031,-2.490703,-2.3707032,-2.820703,-3.500703,-3.6807032,-3.8707032,-3.560703,-3.240703,-2.6707032,-2.280703,-7.880703,-3.730703,-3.9107032,-7.530703,-4.130703,-3.6207032,-4.5407033,-3.270703,-8.100703,-8.750703,-4.670703,-7.490703,-10.760703,-10.440703,-9.370703,-10.360703,-11.050703,-11.890703,-11.360703,-11.160703,-12.090703,-12.370703,-12.350703,-12.140703,-11.920703,-11.120703,-11.950703,-11.3207035,-9.800703,-9.270703,-8.770703,-7.650703,-7.860703
0.18929687,-0.40070313,0.12929687,-0.8407031,-1.3507031,-1.6707032,-3.1507032,-3.9407032,-4.550703,-4.4807034,-5.2707033,-4.650703,-3.4407032,-3.1507032,-3.830703,-2.260703,-3.030703,-3.7107031,-4.240703,-4.7907033,-5.570703,-7.5207033,-6.2907033,-8.520703,-7.990703,-9.420703,-9.090703,-14.8207035,-13.590703,-10.830703,-9.3207035,-10.8207035,-1.2307031,1.1692969,0.27929688,-2.3507032,-4.720703,-2.6307032,-2.9107032,-8.700703,-9.560703,-10.290703,-11.190703,-12.0707035,-12.530704,-12.950703,-13.910703,-14.020703,-13.710703,-13.710703,-13.330703,-12.300703,-11.980703,-10.970703,-9.960703,-9.260703,-9.350703,-8.230703,-7.240703
1.6092969,1.8092968,1.3492969,0.86929685,-0.57070315,-1.1807032,-2.230703,-4.090703,-5.030703,-5.530703,-5.860703,-6.0207033,-4.490703,-4.0807033,-3.9207032,-4.3307033,-4.3507032,-4.670703,-3.9507031,-5.130703,-6.620703,-8.490704,-11.100703,-12.140703,-12.100703,-15.170703,-14.490704,-13.940703,-17.650703,-14.060703,-12.720703,-11.740704,-12.160703,-12.210703,-4.110703,-2.1907032,-2.2107031,-3.320703,-6.550703,-8.520703,-9.740704,-10.850703,-12.470703,-12.710703,-13.430703,-13.150703,-12.930703,-14.740704,-14.250703,-13.730703,-12.5707035,-12.890703,-11.980703,-10.890703,-9.760703,-9.130703,-8.360703,-7.8107033,-7.5007033
3.3992968,2.909297,2.3192968,1.8692969,0.9092969,-0.71070313,-1.6207031,-2.7207031,-5.0807033,-5.610703,-5.930703,-6.5807033,-6.570703,-5.550703,-5.420703,-5.2907033,-5.180703,-4.9807034,-4.8107033,-4.960703,-5.940703,-7.390703,-7.840703,-11.290703,-11.130703,-9.940703,-13.0707035,-20.840704,-17.040703,-14.720703,-13.960703,-13.240704,-13.590703,-14.760703,-12.730703,-11.440703,-8.960703,-5.640703,-6.7907033,-8.580703,-8.710703,-9.880703,-12.150703,-14.130703,-13.850703,-14.000703,-14.760703,-15.720703,-15.670703,-14.990704,-14.630703,-13.220703,-12.730703,-11.470703,-9.940703,-8.5707035,-7.680703,-7.010703,-8.740704
