images/wind850/850wind_006.json
{"header": { "discipline":0, "disciplineName":"Meteorological products", "gribEdition":2, "gribLength":79784, "center":7, "centerName":"US National Weather Service - NCEP(WMC)", "subcenter":0, "refTime":"2025-08-06T00:00:00.000Z", "significanceOfRT":1, "significanceOfRTName":"Start of forecast", "productStatus":0, "productStatusName":"Operational products", "productType":1, "productTypeName":"Forecast products", "productDefinitionTemplate":0, "productDefinitionTemplateName":"Analysis/forecast at horizontal level/layer at a point in time", "parameterCategory":2, "parameterCategoryName":"Momentum", "parameterNumber":2, "parameterNumberName":"U-component_of_wind", "parameterUnit":"m.s-1", "genProcessType":2, "genProcessTypeName":"Forecast", "forecastTime":6, "surface1Type":100, "surface1TypeName":"Isobaric surface", "surface1Value":85000.0, "surface2Type":255, "surface2TypeName":"Missing", "surface2Value":0.0, "gridDefinitionTemplate":0, "gridDefinitionTemplateName":"Latitude_Longitude", "numberPoints":65160, "shape":6, "shapeName":"Earth spherical with radius of 6,371,229.0 m", "gridUnits":"degrees", "resolution":48, "winds":"true", "scanMode":0, "nx":360, "ny":181, "basicAngle":0, "lo1":0.0, "la1":90.0, "lo2":359.0, "la2":-90.0, "dx":1.0, "dy":1.0 }, "data":
[rows 0 to 25 of 181, columns 232 to 289 of 360]
-8.382216,-8.432217,-8.492217,-8.542217,-8.5922165,-8.632216,-8.682217,-8.722217,-8.752216,-8.792217,-8.822217,-8.852217,-8.882216,-8.902217,-8.932217,-8.942217,-8.962216,-8.972217,-8.992217,-8.992217,-9.002216,-9.002216,-9.002216,-9.002216,-8.992217,-8.992217,-8.972217,-8.962216,-8.942217,-8.922216,-8.902217,-8.882216,-8.852217,-8.822217,-8.792217,-8.752216,-8.712216,-8.672216,-8.632216,-8.582217,-8.542217,-8.482217,-8.432217,-8.372217,-8.322217,-8.252216,-8.192217,-8.122217,-8.062217,-7.982217,-7.9122167,-7.8322167,-7.7622166,-7.672217,-7.592217,-7.5122166,-7.422217,-7.3322167
-5.672217,-5.6422167,-5.592217,-5.552217,-5.502217,-5.4522166,-5.402217,-5.3522167,-5.3122168,-5.282217,-5.2622166,-5.2622166,-5.282217,-5.302217,-5.3122168,-5.3322167,-5.362217,-5.3922167,-5.462217,-5.532217,-5.6022167,-5.672217,-5.732217,-5.8122168,-5.8722167,-5.922217,-5.962217,-6.0122166,-6.052217,-6.092217,-6.132217,-6.1622167,-6.192217,-6.2022166,-6.212217,-6.2222166,-6.232217,-6.232217,-6.232217,-6.2222166,-6.2422166,-6.2622166,-6.292217,-6.322217,-6.342217,-6.362217,-6.382217,-6.402217,-6.422217,-6.442217,-6.4722166,-6.502217,-6.532217,-6.5622168,-6.592217,-6.6022167,-6.6222167,-6.632217
-6.152217,-6.282217,-6.3722167,-6.4122167,-6.3922167,-6.362217,-6.3122168,-6.272217,-6.212217,-6.132217,-6.052217,-5.9922166,-6.0122166,-6.072217,-6.112217,-6.1822166,-6.322217,-6.4722166,-6.6222167,-6.782217,-6.962217,-7.152217,-7.342217,-7.482217,-7.5822167,-7.6822166,-7.782217,-7.792217,-7.782217,-7.772217,-7.7622166,-7.752217,-7.7422166,-7.732217,-7.712217,-7.6822166,-7.652217,-7.612217,-7.532217,-7.462217,-7.382217,-7.282217,-7.212217,-7.132217,-7.042217,-6.962217,-6.882217,-6.8122168,-6.732217,-6.6622167,-6.592217,-6.522217,-6.442217,-6.362217,-6.272217,-6.1822166,-6.112217,-6.042217
-2.3522167,-2.2922168,-2.2622168,-2.2422168,-2.2422168,-2.2722168,-2.3122168,-2.3622167,-2.422217,-2.4822168,-2.5622168,-2.652217,-2.7322168,-2.8222167,-2.902217,-2.9622169,-3.0122168,-3.0722167,-3.1222167,-3.182217,-3.2322168,-3.2822168,-3.3322167,-3.3122168,-3.3122168,-3.2822168,-3.2522168,-3.2722168,-3.3722167,-3.4922168,-3.6922169,-3.922217,-4.1022167,-4.212217,-4.3122168,-4.302217,-4.2622166,-4.2422166,-4.292217,-4.362217,-4.552217,-4.802217,-5.072217,-5.3522167,-5.6222167,-5.862217,-6.052217,-6.2222166,-6.362217,-6.482217,-6.6222167,-6.802217,-6.9922166,-7.192217,-7.3722167,-7.552217,-7.6622167,-7.7622166
-1.9322168,-1.8822168,-1.8322167,-1.7722168,-1.7122169,-1.6522168,-1.5922168,-1.5222168,-1.4522167,-1.3922168,-1.3422168,-1.3122168,-1.2822168,-1.2722168,-1.2622168,-1.2622168,-1.2522168,-1.2322168,-1.2022167,-1.1622168,-1.1322168,-1.1022168,-1.0522168,-1.0122168,-0.9722168,-0.9322168,-0.9022168,-0.8722168,-0.80221677,-0.7222168,-0.6222168,-0.5122168,-0.4022168,-0.3022168,-0.2222168,-0.15221679,-0.0922168,-0.0322168,0.007783203,-0.012216797,-0.052216798,-0.15221679,-0.2922168,-0.5222168,-0.8122168,-1.2422168,-1.7622168,-2.5122168,-3.3922167,-4.532217,-5.532217,-6.2022166,-6.6022167,-6.752217,-6.882217,-7.022217,-7.172217,-7.282217
-2.5022168,-2.5822167,-2.672217,-2.7522168,-2.8122168,-2.8622167,-2.922217,-2.9922168,-3.0422168,-3.0922167,-3.1222167,-3.1322167,-3.1222167,-3.1322167,-3.152217,-3.172217,-3.1922169,-3.2122169,-3.2422168,-3.2722168,-3.3022168,-3.3322167,-3.3422167,-3.3422167,-3.3222167,-3.2922168,-3.2722168,-3.2522168,-3.2422168,-3.2322168,-3.2522168,-3.3022168,-3.3422167,-3.3422167,-3.1222167,-2.7622168,-2.172217,-1.4122168,-0.6322168,0.0977832,0.6877832,1.1277832,1.3377832,1.2677832,1.0777832,0.7477832,0.3177832,-0.23221679,-0.7322168,-1.3622168,-2.1222167,-2.672217,-3.3422167,-3.922217,-4.462217,-4.8322167,-4.8322167,-4.822217
-3.4822168,-3.4922168,-3.4422169,-3.3522167,-3.2022169,-3.0122168,-2.7922168,-2.6022167,-2.3922167,-2.162217,-1.9122168,-1.7322168,-1.5422168,-1.3722168,-1.1922168,-1.0522168,-0.9722168,-0.8722168,-0.8222168,-0.8222168,-0.8722168,-1.0022168,-1.1222168,-1.2522168,-1.3922168,-1.5222168,-1.6322168,-1.7522168,-1.8622168,-1.9622169,-2.0522168,-2.1222167,-2.182217,-2.2322168,-2.2722168,-2.3122168,-2.3722167,-2.432217,-2.4722168,-2.5122168,-2.5322168,-2.5122168,-2.4822168,-2.432217,-2.3522167,-2.2522168,-2.1322167,-1.9522167,-1.7422168,-1.5222168,-1.2722168,-0.8422168,-0.23221679,0.6677832,1.9577832,3.3777833,4.467783,4.447783
-2.7222168,-2.3822167,-2.2122169,-2.0722167,-1.8722168,-1.7622168,-1.7022167,-1.5922168,-1.5522168,-1.5022168,-1.4322168,-1.4522167,-1.4322168,-1.2622168,-1.0022168,-0.7422168,-0.44221678,-0.1122168,0.15778321,0.4377832,0.7277832,0.9977832,1.2777832,1.5177832,1.7477832,1.9477832,2.1177833,2.2377832,2.3077831,2.327783,2.317783,2.2977831,2.2077832,2.0177832,1.6177832,1.0577832,0.4777832,0.0377832,-0.2822168,-0.4922168,-0.5922168,-0.5922168,-0.5422168,-0.5122168,-0.5222168,-0.5422168,-0.5922168,-0.5822168,-0.6522168,-0.5822168,-0.5022168,-0.3222168,-0.1422168,0.027783204,0.2077832,0.3477832,0.4377832,0.4877832
-0.9222168,-1.2222168,-1.5922168,-1.9422168,-2.1022167,-2.0722167,-1.8622168,-1.6922168,-1.5922168,-1.4722168,-1.3622168,-1.2722168,-1.2622168,-1.2922168,-1.3322167,-1.4222168,-1.6022168,-1.7522168,-1.8522168,-1.8322167,-1.8722168,-1.9422168,-1.9522167,-1.9022168,-1.8122168,-1.7022167,-1.5222168,-1.2422168,-0.8822168,-0.5022168,-0.1622168,0.0977832,0.3177832,0.4477832,0.4177832,0.2277832,-0.072216794,-0.3722168,-0.7022168,-0.9922168,-1.4522167,-1.3822168,-0.8922168,-0.80221677,-0.7522168,-0.6922168,-0.5422168,-0.3322168,-0.1222168,0.1177832,-0.4622168,-1.1922168,-0.5822168,-0.2122168,0.4877832,0.007783203,0.0377832,-0.6922168
0.33778322,0.27778322,0.2477832,0.4377832,0.6077832,0.5277832,0.4377832,0.0577832,-0.4022168,-0.7522168,-0.7822168,-0.7522168,-0.5822168,-0.5722168,-0.80221677,-1.1222168,-1.3522168,-1.6522168,-2.0422168,-2.2322168,-2.4522169,-2.8222167,-3.2922168,-3.7422168,-3.9622169,-3.9522169,-3.7922168,-3.162217,-2.4822168,-1.8822168,-1.5822167,-2.0722167,-2.402217,-2.2222168,-1.8922168,-1.2022167,-0.6922168,-0.2222168,-0.0822168,-0.2122168,-0.2122168,-0.2722168,-0.2722168,-0.1622168,0.027783204,0.1177832,-0.3322168,-0.7322168,-1.0122168,-1.4922168,-2.412217,-3.3422167,-3.4522169,-2.182217,-2.182217,-0.8222168,-0.1222168,-0.4822168
-0.5722168,-0.80221677,-1.1122168,-1.3022168,-1.3622168,-1.3922168,-1.3622168,-1.1622168,-0.8722168,-0.5422168,-0.3322168,-0.2522168,-0.3022168,-0.41221678,-0.5422168,-0.5122168,-0.3822168,-0.3222168,-0.3222168,-0.5322168,-0.7922168,-0.9222168,-0.8622168,-1.0522168,-1.4622169,-1.9522167,-2.432217,-2.6922169,-2.5722167,-2.3822167,-2.2822168,-2.0222168,-1.0722167,-0.7422168,-0.80221677,-1.0122168,-0.8122168,0.2477832,-0.072216794,0.8477832,1.1777833,1.1277832,0.0977832,-0.3122168,-0.3822168,-1.1322168,-1.5322168,-0.5022168,-0.5022168,-1.7322168,-1.4522167,0.017783202,0.5777832,-0.4222168,-0.6222168,-0.7522168,-1.0922168,-2.6122167
1.2477832,2.077783,2.827783,2.587783,1.7677832,1.5777832,1.5777832,1.6177832,0.7277832,-0.0822168,-0.3922168,-0.3822168,-0.23221679,0.047783203,0.2877832,0.30778322,0.2677832,-0.0322168,-0.2122168,-0.1422168,-0.1822168,-0.1922168,-0.3922168,-0.7022168,-0.8122168,-1.0622168,-2.0322168,-2.672217,-3.0622168,-3.2922168,-2.9822168,-2.8122168,-2.652217,-2.4422169,-2.1422167,-1.7222168,-1.2022167,-1.1722168,-1.0122168,-1.2222168,-0.1422168,-0.1122168,-0.1422168,0.0377832,-0.8522168,-0.1722168,0.017783202,-0.9022168,-0.2922168,0.0877832,-0.6022168,-0.9122168,-1.1122168,-1.8222167,-2.7322168,-5.6422167,-5.1422167,-3.7022169
1.2277832,0.7977832,1.0777832,1.7177832,2.067783,2.2077832,2.1677833,2.4477832,2.6877832,1.9377832,1.1477832,0.8177832,0.9077832,0.8477832,0.9677832,0.8577832,0.7877832,0.7177832,0.1477832,-0.5122168,-1.0122168,-1.1122168,-1.4722168,-1.9022168,-1.8222167,-1.3722168,-1.0722167,-0.8522168,-1.5422168,-2.3222167,-2.7322168,-3.1322167,-3.1422167,-3.0622168,-3.1122167,-2.8822167,-2.912217,-3.2422168,-3.8922167,-4.302217,-3.9622169,-4.022217,-4.0822167,-2.7022169,-1.6822168,-0.41221678,0.7077832,-0.4922168,-0.41221678,-0.5222168,-0.8822168,-2.5522168,-5.9322166,-9.082217,-8.052217,-4.132217,-4.2622166,-6.362217
3.1277833,2.8777833,2.6977832,2.4377832,2.347783,2.337783,2.4277833,2.6977832,1.5477833,2.2677832,3.6077833,3.6377833,3.0577831,2.2277832,1.7577832,1.4977832,1.2777832,0.4777832,-0.4322168,-0.8822168,-0.9122168,-0.9922168,-1.4922168,-1.9422168,-2.1122167,-2.152217,-2.2422168,-2.5422168,-2.8322167,-3.1122167,-3.0422168,-3.2422168,-3.5722167,-3.7122169,-4.172217,-4.8122168,-5.6222167,-6.2222166,-6.1222167,-5.502217,-5.172217,-4.3722167,-2.1222167,-1.8022168,-2.1022167,-3.162217,-2.4922168,-1.4222168,-0.6922168,-1.8122168,-3.8022168,-3.9422169,-3.152217,-1.6222168,-1.1322168,-0.9122168,-1.4422168,-1.1622168
4.467783,4.6477833,4.747783,4.3777833,3.7077832,3.2577832,3.1077833,3.0177832,3.587783,2.8777833,2.2177832,1.4677832,0.6077832,0.5577832,0.6677832,-0.2422168,-1.4022168,-2.2122169,-2.0722167,-2.152217,-2.2322168,-2.1422167,-2.5822167,-2.672217,-2.5622168,-2.9622169,-3.3822167,-4.5822167,-4.7622166,-4.9522166,-5.2622166,-5.442217,-5.712217,-5.152217,-4.612217,-4.572217,-3.8022168,-3.8722167,-3.932217,-4.272217,-4.772217,-4.712217,-4.442217,-4.112217,-2.932217,-2.2622168,-0.80221677,-0.8522168,-1.9022168,-1.0822167,-0.9222168,-0.4322168,0.4877832,2.1677833,1.9577832,0.9377832,0.6077832,0.0377832
5.387783,5.407783,5.6277833,5.307783,4.657783,4.447783,4.2777834,3.5177832,2.8577833,3.0577831,2.3777833,1.7677832,2.1777833,1.9077832,0.7777832,0.4577832,-1.0822167,-2.8422167,-3.6022167,-3.4622169,-3.902217,-4.552217,-5.6622167,-6.572217,-7.3122168,-8.152217,-9.052217,-8.962216,-8.412217,-8.232217,-8.512217,-7.7422166,-6.9722166,-6.112217,-5.192217,-5.1222167,-4.6822166,-4.252217,-4.0822167,-3.6022167,-3.3122168,-3.0822167,-2.2822168,-1.4822168,-1.3722168,-0.9322168,-1.9222168,-0.3722168,0.9677832,1.7977833,2.577783,2.7477832,2.847783,3.1477833,4.197783,4.7377834,3.5377831,1.9277833
6.247783,6.717783,6.5277834,6.637783,6.0677834,5.8377833,5.3977833,5.157783,4.4877834,4.847783,4.077783,1.8777832,1.6677833,1.8377832,1.8377832,-0.4522168,-0.3022168,-0.3422168,-2.2422168,-3.7722168,-4.9922166,-6.572217,-7.732217,-8.3422165,-8.672216,-8.712216,-8.072217,-7.272217,-6.6022167,-4.292217,-4.7622166,-4.152217,-4.192217,-1.0722167,-2.0322168,-2.5422168,-2.0422168,-2.182217,-2.5522168,-2.6222167,-1.4622169,-0.4822168,0.0877832,0.4677832,1.0277832,2.1877832,3.1977832,4.1077833,4.617783,4.467783,3.9977832,4.197783,4.557783,4.997783,5.497783,4.927783,4.157783,3.6877832
6.727783,6.807783,6.697783,6.8177834,6.447783,5.967783,5.5877833,6.197783,5.207783,4.4877834,2.8677833,3.0577831,3.7477832,3.7477832,1.8077832,1.7877831,1.8177832,0.9377832,0.5977832,0.6877832,-0.2622168,-1.3022168,-1.1722168,-2.422217,-3.1122167,-1.3522168,0.7677832,2.8077831,3.577783,6.967783,6.8977833,6.5477834,8.857783,7.8777833,6.537783,3.6677833,2.4477832,1.2277832,0.6177832,3.0177832,4.227783,2.827783,1.2377832,1.7077832,1.3877832,1.7977833,1.2977833,1.7077832,1.7877831,2.0377831,1.5577832,1.4177833,1.3477832,3.9877832,7.247783,8.437783,7.997783,6.707783
6.6477833,6.717783,6.5877833,6.0477834,5.847783,5.9177833,5.677783,5.367783,4.6877832,5.217783,4.1477833,3.9077833,3.1777833,2.5377831,2.6977832,1.7477832,2.9777832,2.847783,2.5077832,1.6877832,3.1877832,5.117783,6.807783,8.1577835,9.697783,11.037784,11.467783,10.787784,11.747784,8.527783,5.727783,9.177783,7.6877832,7.557783,6.7777834,7.6677833,7.977783,8.917783,9.137783,6.2577834,4.767783,4.537783,4.2977834,4.7977834,5.137783,5.037783,5.017783,4.2377834,3.7577832,3.5577831,1.5177832,1.6677833,1.3577832,-0.2022168,1.5477833,4.6477833,6.5277834,7.907783
6.957783,7.0477834,6.927783,6.657783,6.7777834,5.227783,5.457783,5.5477834,6.807783,7.307783,4.1677833,4.057783,4.517783,4.467783,4.117783,4.1077833,4.707783,4.8177834,4.5477834,5.0077834,6.8177834,8.247784,7.8377833,8.997784,10.347783,11.747784,12.017783,9.9077835,8.1577835,8.927783,6.8377833,8.017783,7.8977833,8.537784,7.9177833,5.1677833,3.2877831,3.087783,3.4477832,2.817783,2.7277832,2.077783,1.7977833,2.4477832,3.077783,3.9277833,4.947783,5.517783,6.307783,6.8577833,6.887783,7.0277834,7.057783,5.617783,2.8577833,0.15778321,1.3077832,2.8977833
7.3377833,7.847783,7.0077834,6.707783,6.7977834,6.637783,7.057783,7.077783,6.517783,7.097783,5.3777833,6.157783,5.807783,5.907783,6.6277833,6.947783,7.197783,7.7977834,9.177783,9.987783,10.367784,10.477783,11.187783,10.297783,8.987783,8.047783,9.027783,9.037784,7.747783,7.9177833,6.1877832,7.5477834,4.8377833,2.7377832,1.5777832,-0.052216798,-1.6322168,-2.1022167,-2.5622168,-1.2822168,1.4877832,2.4477832,1.8077832,1.2077832,1.2977833,1.8077832,2.587783,3.2777832,4.497783,5.717783,6.727783,7.677783,8.017783,7.367783,8.327784,8.497784,6.077783,1.0477833
6.5277834,6.137783,6.1877832,6.0077834,6.1677833,6.097783,6.6077833,5.2777834,6.3377833,6.6077833,7.307783,6.7977834,6.597783,7.057783,7.0677834,7.447783,8.457783,9.587783,9.987783,9.567783,10.067783,9.117784,10.307783,9.747784,9.117784,8.847783,8.837783,8.427783,6.597783,5.707783,3.8977833,-0.4922168,-1.9222168,-4.072217,-6.342217,-6.6622167,-7.252217,-7.462217,-5.752217,-6.462217,-4.3322167,-2.7922168,-0.3822168,1.8077832,3.4077833,3.847783,4.447783,5.2977834,5.137783,5.347783,5.927783,6.367783,7.307783,7.207783,8.187783,9.267783,9.557783,8.957783
4.1477833,4.5277834,4.617783,5.057783,4.177783,4.097783,3.3577833,3.317783,3.4277833,4.367783,6.117783,8.097783,7.3177834,5.2577834,5.6077833,6.637783,7.137783,8.187783,9.187783,9.287784,8.817783,9.917783,10.397783,11.017783,9.917783,8.597783,6.8977833,5.0477834,3.0177832,2.7077832,3.077783,3.827783,9.427783,9.237783,8.517783,7.9877834,3.347783,4.717783,0.15778321,-1.6522168,-2.9522169,-2.8622167,0.1177832,-1.3722168,0.6777832,1.2577832,2.2377832,4.327783,6.3977833,7.0077834,7.807783,8.227783,7.5277834,8.297783,8.507783,9.057783,9.857783,9.967783
2.9077833,3.4377832,3.6277833,3.337783,2.8877833,3.3077831,2.5577831,1.5277832,2.1177833,5.037783,6.3377833,5.847783,4.967783,5.227783,4.8177834,4.207783,4.967783,4.717783,5.037783,5.0277834,5.177783,7.1277833,7.0677834,7.117783,4.947783,6.097783,4.8777833,5.767783,4.3577833,8.107783,10.1577835,9.967783,9.597783,9.247784,8.467783,8.777783,8.427783,5.227783,5.747783,4.617783,4.037783,4.557783,3.1477833,2.3777833,3.077783,3.087783,3.7477832,4.827783,5.037783,5.3777833,6.517783,7.9377832,9.397783,9.807783,8.787784,8.517783,9.1577835,9.887783
1.1277832,1.9677832,3.3777833,3.6677833,3.9377832,2.6977832,3.2277832,2.7977831,0.9077832,1.5277832,4.367783,5.6477833,3.5177832,1.5377831,0.8177832,1.1177832,-0.6522168,-0.7322168,0.4177832,2.0577831,1.1577832,1.6877832,2.4077833,3.587783,3.6277833,6.1677833,8.007783,9.987783,12.447783,13.007783,13.217783,11.577784,8.857783,10.377783,11.557783,11.597783,9.677783,6.957783,7.8977833,8.437783,7.327783,7.927783,7.967783,8.547783,9.817783,9.047783,8.147783,6.367783,5.947783,7.327783,8.1577835,8.777783,9.817783,10.247784,10.917783,11.107783,10.087783,10.047783
-1.0722167,-0.2722168,1.6677833,1.9977832,4.7977834,6.207783,5.2577834,2.837783,3.1077833,1.8377832,2.327783,3.1277833,3.2477832,0.5177832,-0.012216797,0.6777832,0.0877832,0.1677832,0.7877832,2.7577832,1.7177832,3.347783,5.767783,10.507783,14.077784,13.867784,15.507783,17.987783,19.607782,20.037783,20.077784,20.547783,20.677784,17.497784,16.247784,14.307783,14.047783,12.397783,13.517783,11.957783,13.257783,13.227783,11.557783,12.127783,12.837783,13.127783,10.827784,11.037784,10.137783,11.277783,10.017783,10.037784,11.127783,10.737783,11.6577835,12.117784,12.387783,13.487783
