images/wind850/850wind_006.json
{"header": { "discipline":0, "disciplineName":"Meteorological products", "gribEdition":2, "gribLength":81146, "center":7, "centerName":"US National Weather Service - NCEP(WMC)", "subcenter":0, "refTime":"2025-08-06T00:00:00.000Z", "significanceOfRT":1, "significanceOfRTName":"Start of forecast", "productStatus":0, "productStatusName":"Operational products", "productType":1, "productTypeName":"Forecast products", "productDefinitionTemplate":0, "productDefinitionTemplateName":"Analysis/forecast at horizontal level/layer at a point in time", "parameterCategory":2, "parameterCategoryName":"Momentum", "parameterNumber":3, "parameterNumberName":"V-component_of_wind", "parameterUnit":"m.s-1", "genProcessType":2, "genProcessTypeName":"Forecast", "forecastTime":6, "surface1Type":100, "surface1TypeName":"Isobaric surface", "surface1Value":85000.0, "surface2Type":255, "surface2TypeName":"Missing", "surface2Value":0.0, "gridDefinitionTemplate":0, "gridDefinitionTemplateName":"Latitude_Longitude", "numberPoints":65160, "shape":6, "shapeName":"Earth spherical with radius of 6,371,229.0 m", "gridUnits":"degrees", "resolution":48, "winds":"true", "scanMode":0, "nx":360, "ny":181, "basicAngle":0, "lo1":0.0, "la1":90.0, "lo2":359.0, "la2":-90.0, "dx":1.0, "dy":1.0 }, "data":
[rows 130 to 155 of 181, columns 300 to 359 of 360]
-2.5371802,-2.2471802,-3.89718,-7.10718,-6.03718,-5.4671803,-4.28718,-5.50718,-6.35718,-9.19718,-6.62718,-6.1771803,-2.1971803,-2.3171802,-2.9771802,-1.8871802,-2.91718,0.7928198,2.62282,0.18281983,2.0628197,1.5928198,2.4428198,3.11282,3.60282,3.4428198,1.8528198,3.7028198,4.06282,2.6628199,2.7028198,2.33282,1.5628198,0.6628198,1.6928198,1.6828198,-0.6471802,0.62281984,1.3028198,1.8628198,0.55281985,0.8328198,0.052819826,-1.0371802,0.30281982,-0.4071802,-1.0871801,-0.7071802,-0.38718018,-0.48718017,-0.09718017,-1.3871802,-0.7371802,-0.017180176,0.63281983,1.1428199,1.9928198,1.7028198,2.1928198,1.9028199
-2.5971801,-5.26718,-6.52718,-7.72718,-9.147181,-7.7171803,-4.9271803,-6.04718,-7.08718,-8.03718,-6.41718,-3.11718,-3.5271802,-2.0171802,-1.8271801,-2.0771801,0.4628198,-0.7671802,2.10282,0.7828198,1.2228198,1.8328198,3.13282,3.2828197,3.63282,3.8228197,1.8428198,4.33282,3.4528198,3.4728198,3.7828197,3.6628199,1.9728198,1.7228198,3.8128197,3.0628197,2.6528199,1.2928199,0.3728198,1.7028198,1.8828198,0.30281982,-0.27718017,-0.22718018,0.0028198243,0.092819825,0.122819826,-0.7171802,-0.48718017,-0.41718018,1.6228198,1.3928199,1.2528198,1.4428198,0.16281982,0.42281982,0.3428198,0.32281983,1.1328198,1.5928198
-0.3771802,-9.13718,-10.067181,-8.17718,-10.2271805,-9.11718,-6.31718,-6.1771803,-6.83718,-6.81718,-6.70718,-3.8171802,-5.04718,-2.2771802,0.14281982,-0.6771802,-0.48718017,1.1328198,1.6028198,0.7028198,1.7728199,2.7328198,2.5728197,2.3028197,2.37282,3.7428198,3.0528197,3.3128197,4.64282,2.7928197,2.5128198,2.5628197,2.0328197,2.14282,2.9828198,2.08282,1.9928198,1.6628199,1.5728198,1.5328199,1.3528198,1.4628198,0.15281983,-0.07718018,-0.42718017,1.0428199,1.0028198,0.07281982,1.0428199,0.9028198,0.7128198,0.9128198,1.5528198,2.2728198,2.37282,2.7028198,3.4028199,3.9528198,1.3428198,0.8228198
8.74282,-5.4271803,-7.43718,-6.60718,-11.1871805,-6.8071804,-7.29718,-7.8071804,-7.31718,-5.6971803,-6.5771804,-4.78718,-3.2271802,-3.0271802,-0.7271802,-2.35718,-0.47718018,1.1728199,0.47281983,1.6228198,3.2328198,2.7028198,2.7628198,3.3028197,4.48282,4.50282,4.0928197,3.5528197,4.9428196,4.10282,3.86282,3.8028197,2.9428198,4.12282,3.12282,2.4428198,2.4728198,1.6628199,1.9428198,1.6728199,1.7128198,1.6528199,1.6728199,0.9828198,0.7828198,2.0528197,0.7328198,1.4128199,1.3828198,0.36281982,1.1528199,1.1528199,1.4528198,1.4828198,2.36282,2.7728198,2.0328197,3.1528199,3.6928198,2.7928197
3.33282,-5.0971804,-6.6371803,-9.107181,-9.25718,-4.31718,-5.5971804,-8.62718,-7.4271803,-7.3671803,-5.9671803,-4.16718,-3.4671803,-2.8471801,-2.66718,-1.1371802,-0.0071801757,-0.4071802,-0.35718018,1.2928199,2.39282,1.5428199,2.9228199,2.8128197,2.4928198,3.34282,3.7828197,3.35282,4.5728197,5.1528196,5.45282,4.31282,5.98282,6.1528196,4.24282,3.2228198,2.9328198,2.7728198,1.7028198,2.0028198,1.8128198,0.92281985,1.8428198,2.39282,2.36282,1.3928199,2.0428197,2.1828198,2.13282,1.5628198,1.9528198,1.6328198,1.8828198,2.2228198,1.9528198,2.2028198,2.0628197,2.7128198,1.7428198,1.8728198
1.0628198,-2.7471802,-6.3071804,-5.20718,-5.5771804,-6.6371803,-6.97718,-8.27718,-10.37718,-7.79718,-7.18718,-4.52718,-3.9671803,-3.0971801,-3.12718,-2.8371801,-1.4771801,-0.117180176,0.9528198,0.61281985,1.3828198,1.4428198,2.08282,2.88282,2.1928198,3.2428198,3.5028198,3.7728198,3.9428198,3.8228197,4.45282,3.7328198,4.01282,3.85282,4.1328197,3.9828198,3.6628199,2.38282,1.7128198,2.64282,2.2428198,1.4528198,1.9828198,2.61282,2.0228198,1.9928198,1.9628198,2.6928198,2.83282,2.4428198,2.2228198,2.2828197,2.5228198,2.9228199,3.0328197,3.3228197,3.14282,3.37282,3.5228198,3.7428198
-1.0571802,-0.27718017,-3.91718,-5.4071803,-4.9071803,-4.91718,-6.28718,-7.35718,-11.77718,-7.39718,-4.8671803,-4.01718,-4.58718,-5.04718,-2.5671802,-2.37718,-1.5171802,-0.48718017,-0.06718018,0.87281984,0.9728198,2.0728197,3.14282,3.6728199,4.3628197,4.74282,5.14282,5.6128197,5.1928196,5.68282,4.3628197,2.59282,2.9128199,2.89282,1.6628199,4.5928197,4.0928197,1.9428198,2.0628197,3.0428197,2.9928198,2.7028198,3.0528197,2.8128197,2.6728199,3.0128198,3.0028198,3.7428198,5.24282,3.85282,3.0728197,3.38282,3.5628197,4.16282,4.27282,3.62282,3.5728197,3.87282,4.20282,5.22282
-1.2371802,-1.7271801,-4.01718,-4.95718,-4.66718,-6.1371803,-5.26718,-5.6971803,-7.39718,-6.12718,-3.0871801,-4.6571803,-5.6171803,-4.91718,-3.35718,-3.4771802,-1.6871802,-1.4571801,-0.44718018,-0.50718015,0.81281984,1.8428198,2.4028199,2.6628199,3.11282,3.36282,4.96282,4.62282,4.77282,4.87282,5.4028196,5.0528197,2.7228198,2.85282,2.5328197,1.9028199,2.9828198,4.56282,2.7228198,2.5128198,2.1528199,2.9628198,3.5728197,2.85282,4.33282,4.83282,5.04282,4.74282,5.1128197,4.75282,4.6128197,4.74282,4.31282,5.74282,5.91282,4.12282,4.0528197,3.8028197,4.83282,3.39282
-1.7271801,-2.2871802,-0.9671802,-4.76718,-3.9771802,-5.81718,-4.00718,-4.1771803,-6.5571804,-7.74718,-4.8071804,-3.5171802,-5.00718,-4.1971803,-3.9371803,-3.63718,-2.85718,-1.8471801,-1.5671802,-0.7971802,-0.20718017,1.0728198,2.0628197,3.0128198,4.0528197,5.56282,5.4228196,5.0328197,5.1328197,4.49282,4.04282,4.37282,4.04282,3.2228198,2.83282,3.12282,2.5428197,3.6828198,1.9628198,6.23282,3.61282,3.7728198,3.4728198,3.7928197,4.62282,5.33282,5.50282,6.27282,6.54282,5.9028196,5.51282,6.02282,5.81282,5.9028196,7.4028196,5.1928196,5.10282,5.25282,4.83282,5.5728197
2.6628199,1.5028198,-1.2971802,-3.1971803,-4.39718,-4.47718,-2.14718,-2.0271802,-3.2571802,-5.4471803,-5.6771803,-5.4271803,-5.87718,-5.68718,-4.4671803,-5.35718,-3.2471802,-2.1971803,-1.0471802,0.19281982,0.67281985,0.33281982,2.0528197,4.00282,4.4028196,5.79282,5.6928196,6.0328197,5.37282,5.71282,5.1528196,1.7628198,2.4228199,3.33282,4.72282,3.5528197,2.62282,4.04282,3.2728198,5.81282,3.5228198,3.6628199,4.24282,4.96282,5.52282,6.1728196,6.3428197,6.52282,6.4228196,5.8428197,5.8028197,6.16282,6.8028197,6.97282,7.4228196,6.93282,6.1328197,5.70282,4.96282,3.6728199
1.4328198,0.08281983,-0.47718018,-1.3771802,-0.50718015,1.1028198,-0.5471802,-0.7971802,-1.3671802,-3.7471802,-4.99718,-6.1371803,-5.20718,-5.50718,-5.41718,-5.3671803,-4.04718,-2.37718,-1.2171801,0.08281983,1.8228198,1.8428198,1.7628198,3.2328198,4.26282,4.3428197,5.6728196,6.54282,5.49282,4.49282,6.02282,4.45282,3.1828198,3.0628197,3.0028198,3.13282,3.0728197,3.2128198,2.5028198,4.99282,5.0328197,5.73282,6.01282,6.6328197,6.95282,7.1128197,7.0328197,6.71282,6.1928196,6.31282,6.3828197,6.08282,7.1928196,7.12282,7.04282,7.81282,8.92282,7.29282,6.73282,5.6928196
0.20281982,-2.62718,-0.29718018,0.9728198,1.3628198,0.5328198,1.0728198,1.5628198,2.1528199,1.1528199,-1.3771802,-3.2971802,-3.3271801,-3.37718,-3.0671802,-3.6971803,-3.37718,-3.0671802,-2.7671802,-2.0771801,-0.80718017,1.9328198,1.7928199,2.14282,3.6728199,3.7628198,5.76282,6.23282,6.1728196,5.41282,4.8828197,4.96282,4.12282,3.4528198,2.85282,2.10282,2.9328198,3.2428198,4.1328197,4.0928197,5.8028197,8.07282,9.01282,7.8228197,7.5528197,7.60282,7.33282,7.3028197,7.1328197,7.0528197,6.91282,7.2828197,8.23282,7.5328197,8.2728195,9.11282,8.142819,6.89282,4.75282,4.9028196
3.9728198,3.8028197,4.3228197,1.8528198,-1.5271802,0.62281984,1.9728198,1.5128198,1.3128198,1.0428199,1.1428199,0.93281984,0.122819826,-0.43718016,-2.41718,-3.3371801,-3.10718,-3.14718,-2.0571802,-0.8971802,-0.9071802,-1.0871801,0.6028198,1.9128199,3.0528197,4.33282,5.5928197,7.0528197,8.22282,5.93282,4.04282,2.2028198,0.86281985,3.0528197,5.56282,2.85282,2.60282,4.00282,4.56282,5.76282,6.49282,8.22282,10.05282,8.852819,7.91282,7.96282,7.66282,7.8828197,7.96282,8.0628195,8.432819,9.00282,8.21282,8.75282,7.8628197,7.58282,6.3028197,5.12282,4.9228196,3.9828198
3.4528198,5.49282,6.4028196,4.9028196,2.58282,1.9528198,2.1628199,1.1328198,0.24281983,2.0728197,1.3028198,2.09282,0.20281982,-0.38718018,-1.6271802,-1.1471802,-1.4671801,1.5328199,1.5228199,-1.0171802,-0.68718016,-0.5271802,-0.2871802,1.2928199,2.4328198,2.5228198,3.7228198,5.91282,7.8628197,1.9328198,0.9728198,-1.6471802,1.5328199,6.31282,7.02282,3.4728198,2.6728199,3.9428198,5.25282,5.72282,6.47282,10.67282,9.602819,8.66282,8.01282,7.9428196,8.46282,9.07282,9.63282,10.16282,10.46282,9.99282,9.53282,8.67282,7.8628197,6.8028197,5.99282,5.0728197,4.24282,2.7028198
9.24282,8.82282,6.22282,5.3628197,3.4228199,2.14282,3.0328197,3.9428198,3.12282,1.8328198,1.5628198,1.2728199,1.4028199,0.9628198,2.2028198,-0.13718018,-0.6071802,-0.49718016,-0.29718018,0.25281984,1.4628198,0.39281982,-0.35718018,1.5928198,3.61282,2.4728198,-1.2071801,-3.0471802,-1.4271802,0.042819824,2.4728198,5.26282,4.8628197,5.0928197,7.8828197,3.9128199,4.35282,5.2828197,5.6728196,7.91282,7.75282,8.47282,7.81282,7.64282,7.96282,8.42282,9.30282,10.58282,11.682819,11.41282,11.30282,11.01282,10.19282,8.98282,8.642819,8.602819,7.64282,6.3828197,5.75282,5.39282
7.25282,5.2828197,6.62282,6.2828197,6.5328197,9.59282,5.06282,4.68282,3.6728199,1.4728198,2.87282,4.3828197,1.3328198,0.61281985,1.2428198,0.7728198,-2.8471801,1.0528198,-2.4271803,-1.6471802,-1.3171802,-1.4571801,-0.47718018,-5.6771803,-4.3071804,-1.9271802,-0.9671802,0.68281984,4.22282,5.54282,6.04282,4.71282,4.08282,1.6428199,2.2428198,2.09282,3.5528197,5.35282,7.1928196,8.432819,8.8128195,6.93282,6.99282,7.43282,7.7828197,8.72282,10.03282,11.49282,12.05282,12.48282,11.61282,11.08282,10.05282,10.41282,11.74282,11.36282,15.42282,9.86282,6.76282,5.71282
5.70282,5.6928196,4.79282,4.77282,5.27282,8.15282,5.75282,5.3028197,5.51282,7.5328197,7.1928196,6.48282,4.16282,2.35282,0.86281985,-0.2871802,2.10282,0.122819826,-1.0671802,-2.5871801,-3.16718,-0.7871802,-4.1171803,-2.2871802,-2.13718,-1.9071802,-2.5471802,-1.6871802,-0.047180176,1.1328198,3.2328198,3.0728197,1.8228198,2.7428198,0.8928198,2.3128197,4.24282,5.8228197,6.6728196,7.89282,7.23282,7.64282,6.70282,7.29282,8.0628195,8.84282,9.86282,11.40282,12.04282,12.3128195,11.61282,10.75282,9.41282,9.90282,12.15282,12.78282,10.32282,9.352819,9.23282,9.49282
6.9228196,8.34282,6.31282,6.16282,6.8628197,7.91282,7.1128197,6.5328197,6.93282,6.26282,5.31282,6.18282,5.8828197,6.21282,4.4428196,1.0628198,0.62281984,0.4328198,1.4528198,-1.2271801,-2.3371801,-3.11718,-2.1871803,-4.6371803,-4.58718,-4.18718,-3.2571802,-3.0871801,-2.2671802,-0.7271802,-0.5471802,0.87281984,1.6028198,1.4628198,-0.027180176,0.7928198,2.2628198,3.86282,5.62282,5.39282,6.5728197,6.8428197,6.8028197,7.5928197,8.0228195,9.66282,9.432819,10.94282,13.66282,13.91282,14.13282,13.602819,9.91282,9.15282,9.83282,11.83282,14.67282,8.0228195,7.6928196,8.59282
6.25282,6.56282,7.95282,8.80282,8.99282,9.40282,10.0228195,8.22282,7.74282,7.1528196,6.41282,5.6128197,5.74282,5.71282,4.93282,3.4628198,2.63282,-0.81718016,-1.8471801,0.6028198,-0.19718018,-2.1871803,-5.1971803,-6.20718,-5.24718,-6.51718,-5.16718,-4.56718,-4.4071803,-2.3071802,-2.6771803,-1.6271802,0.45281982,-0.38718018,-2.2471802,-0.8971802,1.3428198,2.6828198,4.27282,3.39282,5.1728196,6.50282,8.642819,10.852819,11.57282,12.5628195,11.42282,11.42282,13.04282,14.54282,15.65282,13.67282,13.16282,12.22282,8.76282,8.55282,8.87282,6.62282,6.3628197,6.66282
8.682819,9.11282,10.16282,10.40282,10.79282,10.38282,9.91282,8.932819,7.4228196,7.0528197,6.83282,6.5728197,5.98282,5.18282,3.4128199,2.9628198,2.0228198,1.7028198,0.7828198,-2.9971802,-2.3471801,-1.5271802,-3.61718,-6.27718,-7.8871803,-6.9671803,-6.3471804,-5.00718,-5.74718,-3.38718,-4.3671803,-4.03718,-2.2571802,-1.8371801,-4.25718,-2.2371802,-0.86718017,1.1328198,2.8028197,1.9528198,3.89282,6.8828197,8.87282,10.16282,11.79282,12.36282,11.26282,10.90282,12.82282,13.932819,15.09282,14.66282,13.90282,12.38282,12.33282,9.66282,6.0328197,5.26282,6.16282,3.1528199
8.99282,9.82282,10.05282,10.51282,11.76282,11.28282,10.892819,9.69282,8.79282,8.54282,7.8628197,6.6328197,5.62282,5.12282,3.87282,2.7328198,1.5828198,-0.14718017,-0.19718018,-0.7171802,-2.86718,-4.4471803,-4.3871803,-4.87718,-7.37718,-8.37718,-7.97718,-7.83718,-6.6571803,-6.43718,-6.7171803,-6.02718,-4.6171803,-3.63718,-5.85718,-4.25718,-3.0471802,-0.9571802,1.1728199,1.1628199,3.4528198,6.0728197,8.5228195,10.8128195,12.05282,11.682819,11.33282,11.78282,13.15282,13.96282,14.79282,14.142819,14.2728195,14.03282,13.07282,11.0228195,9.352819,4.0328197,2.34282,2.5328197
10.53282,11.55282,12.34282,10.98282,11.01282,10.25282,9.53282,10.71282,8.97282,7.6128197,6.14282,5.26282,2.89282,0.9128198,1.1928198,-0.94718015,-0.63718015,-1.8671802,-2.16718,-1.9771801,-2.3471801,-4.95718,-5.41718,-5.85718,-6.66718,-7.81718,-9.25718,-9.17718,-9.34718,-8.48718,-9.01718,-8.147181,-6.89718,-7.3071804,-7.52718,-6.58718,-5.5971804,-3.4971802,-1.1171802,0.14281982,2.4728198,4.66282,7.6728196,9.682819,11.15282,12.852819,12.69282,13.17282,13.09282,14.11282,14.70282,14.23282,14.30282,14.79282,14.932819,12.8128195,9.91282,6.77282,1.5228199,-1.9371802
12.26282,12.13282,12.28282,11.23282,9.50282,9.61282,9.79282,9.76282,10.05282,9.142819,8.73282,8.76282,6.3428197,1.1228198,-1.9371802,-4.0771804,-4.83718,-3.86718,-4.8071804,-4.37718,-3.9471803,-5.00718,-5.77718,-5.52718,-6.9471803,-7.8271804,-8.94718,-10.07718,-10.54718,-10.4371805,-10.78718,-10.27718,-8.84718,-9.817181,-8.92718,-8.61718,-7.66718,-5.8471804,-3.4471803,-1.2171801,0.92281985,2.7428198,5.6928196,7.5728197,9.97282,12.03282,13.62282,14.3128195,14.72282,13.432819,14.75282,15.05282,14.892819,14.852819,15.63282,13.82282,10.392819,7.33282,4.77282,-0.017180176
10.84282,12.15282,13.5628195,9.71282,11.62282,6.27282,3.7528198,12.13282,12.26282,12.92282,10.96282,10.55282,10.83282,8.94282,3.9028199,-3.7271802,-8.65718,-7.51718,-8.45718,-7.93718,-6.16718,-5.62718,-7.24718,-7.8071804,-7.12718,-6.8471804,-9.04718,-10.26718,-11.647181,-11.6871805,-11.647181,-11.46718,-10.99718,-11.20718,-10.01718,-10.11718,-9.09718,-7.27718,-5.10718,-2.89718,-0.75718015,0.7228198,3.7828197,6.3428197,8.66282,11.682819,13.22282,14.58282,15.63282,15.49282,16.18282,17.30282,17.93282,17.82282,16.47282,14.44282,8.61282,7.1528196,5.33282,3.60282
4.3828197,-2.4371803,2.59282,1.8628198,10.71282,13.15282,15.79282,18.78282,16.40282,14.82282,13.2728195,10.96282,8.2728195,3.4228199,0.122819826,-1.2071801,-6.4271803,-10.42718,-9.397181,-9.88718,-8.73718,-7.33718,-8.67718,-8.70718,-8.91718,-7.6771803,-9.88718,-11.40718,-12.73718,-13.01718,-12.55718,-12.49718,-12.61718,-12.067181,-11.357181,-11.00718,-9.92718,-8.32718,-6.1771803,-4.00718,-1.9171802,-0.5471802,2.5228198,5.2828197,7.77282,10.54282,12.36282,14.04282,15.73282,17.12282,18.42282,20.00282,20.79282,20.63282,17.55282,12.94282,8.20282,6.35282,6.0728197,6.22282
4.83282,10.852819,9.90282,12.57282,16.12282,21.27282,19.00282,18.35282,20.04282,13.82282,10.08282,7.76282,2.7428198,-0.7271802,-5.3471804,-6.16718,-6.76718,-7.24718,-7.79718,-10.79718,-11.15718,-9.99718,-11.2271805,-10.107181,-11.00718,-10.23718,-11.46718,-12.49718,-13.75718,-13.73718,-14.08718,-13.96718,-13.80718,-13.24718,-12.71718,-11.62718,-10.61718,-8.98718,-6.62718,-4.54718,-2.4371803,-0.6571802,2.14282,3.4928198,6.71282,9.03282,11.08282,13.33282,15.74282,17.63282,19.18282,20.94282,21.68282,22.32282,19.11282,13.28282,7.98282,6.8428197,6.66282,6.87282
