images/wind850/850wind_018.json
{"header": { "discipline":0, "disciplineName":"Meteorological products", "gribEdition":2, "gribLength":80313, "center":7, "centerName":"US National Weather Service - NCEP(WMC)", "subcenter":0, "refTime":"2025-08-06T00:00:00.000Z", "significanceOfRT":1, "significanceOfRTName":"Start of forecast", "productStatus":0, "productStatusName":"Operational products", "productType":1, "productTypeName":"Forecast products", "productDefinitionTemplate":0, "productDefinitionTemplateName":"Analysis/forecast at horizontal level/layer at a point in time", "parameterCategory":2, "parameterCategoryName":"Momentum", "parameterNumber":2, "parameterNumberName":"U-component_of_wind", "parameterUnit":"m.s-1", "genProcessType":2, "genProcessTypeName":"Forecast", "forecastTime":18, "surface1Type":100, "surface1TypeName":"Isobaric surface", "surface1Value":85000.0, "surface2Type":255, "surface2TypeName":"Missing", "surface2Value":0.0, "gridDefinitionTemplate":0, "gridDefinitionTemplateName":"Latitude_Longitude", "numberPoints":65160, "shape":6, "shapeName":"Earth spherical with radius of 6,371,229.0 m", "gridUnits":"degrees", "resolution":48, "winds":"true", "scanMode":0, "nx":360, "ny":181, "basicAngle":0, "lo1":0.0, "la1":90.0, "lo2":359.0, "la2":-90.0, "dx":1.0, "dy":1.0 }, "data":
[rows 104 to 129 of 181, columns 59 to 117 of 360]
-12.258379,-12.2783785,-11.518379,-12.498379,-10.138379,-9.328379,-8.228379,-7.468379,-6.988379,-6.928379,-6.168379,-5.848379,-4.878379,-4.568379,-5.718379,-5.0383787,-4.948379,-3.8683789,-3.6483788,-2.328379,-0.2283789,0.8616211,-0.4283789,-0.14837891,-0.008378906,0.15162109,-0.2283789,-0.41837892,-1.0883789,-0.4083789,-0.6983789,0.1616211,1.2316211,1.3516212,0.7116211,0.031621095,0.8816211,0.9616211,0.56162107,0.031621095,0.0016210937,0.3816211,0.3216211,-0.9583789,-3.108379,-2.6783788,-2.588379,-1.8083789,-2.468379,-3.248379,-2.998379,-2.8983788,-3.6583788,-4.428379,-4.608379,-4.0183787,-2.988379,-2.978379,-2.988379
-9.878379,-11.608379,-12.058379,-11.838379,-9.948379,-9.318378,-9.298379,-9.178379,-8.158379,-7.3283787,-6.188379,-6.198379,-4.838379,-5.178379,-5.378379,-4.318379,-4.708379,-4.438379,-3.3883789,-1.8383789,-0.4383789,-1.1783789,-1.9483789,-1.1483788,0.0016210937,-0.4083789,-0.6083789,-0.5883789,-0.7783789,-1.4583789,-1.6283789,-1.1083789,-0.23837891,0.7716211,-0.5383789,0.7416211,1.8116211,0.9916211,1.341621,3.161621,3.211621,1.4016211,0.1916211,-1.4683789,-1.3383789,-1.3883789,-0.99837893,-2.008379,-1.778379,-1.9883789,-2.258379,-3.108379,-2.9283788,-3.258379,-2.1183789,-1.0883789,-1.1383789,-1.1083789,-1.1183789
-7.148379,-8.958379,-9.598379,-11.658379,-12.228379,-11.798379,-9.868379,-8.258379,-7.618379,-6.5783787,-5.708379,-5.028379,-4.838379,-4.458379,-4.668379,-4.238379,-4.7883787,-4.068379,-4.188379,-2.6983788,-0.7383789,-0.098378904,-0.5883789,-2.6583788,-2.078379,-1.7483789,-1.4683789,-2.478379,-1.9383789,-3.7083788,-2.758379,-2.1783788,-1.5183789,-0.6183789,0.5416211,1.2316211,1.451621,3.271621,4.781621,2.8416212,2.8116212,0.8316211,-0.4983789,-1.538379,-1.6083789,-3.7083788,-3.858379,-1.3583789,-1.9283789,-2.6683788,-2.298379,-1.3183789,-1.0983789,0.5816211,0.6416211,0.50162107,1.6716211,1.211621,0.81162107
-5.478379,-7.798379,-8.388379,-7.658379,-7.738379,-6.738379,-7.448379,-8.558379,-7.968379,-8.328379,-6.678379,-5.928379,-4.928379,-3.748379,-4.378379,-4.848379,-4.508379,-3.008379,-3.3883789,-3.278379,-1.3283789,0.1616211,-0.3683789,-0.8583789,-2.3683789,-1.6883789,-1.4683789,-2.1583788,-2.4583788,-3.1983788,-4.908379,-3.858379,-2.1383789,-0.6383789,0.7616211,2.3816211,3.3616211,4.221621,4.451621,4.591621,3.991621,2.2916212,0.031621095,-2.3983788,-3.068379,-2.6583788,-0.028378906,-2.068379,-3.3883789,-2.298379,-1.0683789,1.201621,1.5216211,1.581621,1.5316211,1.8516212,1.6216211,0.94162107,-0.2483789
-10.318378,-8.888379,-7.5383787,-7.378379,-5.978379,-3.988379,-4.878379,-5.168379,-5.448379,-5.448379,-4.378379,-5.2683787,-7.118379,-4.988379,-3.528379,-3.728379,-2.9183788,-2.288379,-1.8883789,-3.298379,-3.278379,-0.4983789,0.50162107,-0.7983789,-0.8583789,-1.5183789,-1.0083789,-1.8483789,-0.7283789,-2.268379,-4.458379,-3.818379,-1.6383789,-2.7083788,-1.548379,0.1916211,2.461621,3.731621,4.111621,3.8716211,2.6116211,1.0116211,-1.9883789,-1.658379,-1.3683789,-1.7483789,-1.918379,-2.6683788,-2.6683788,-0.1583789,2.261621,2.771621,3.1016212,2.731621,2.0916212,1.4116211,0.6816211,-0.10837891,-0.7083789
-11.008379,-11.008379,-10.588379,-9.358379,-8.848379,-6.2883787,-3.808379,-2.108379,-0.9283789,-1.8983788,-2.508379,-2.818379,-2.518379,-3.1883788,-4.7483788,-6.678379,-2.1783788,-1.798379,-1.8683789,-3.258379,-3.108379,-2.548379,-1.1083789,-0.10837891,-0.018378906,-0.6183789,-0.11837891,0.3416211,0.9816211,0.1616211,-0.9083789,-5.778379,-4.188379,-2.1383789,-3.078379,-1.278379,-0.4883789,-0.2583789,0.33162108,0.9316211,0.30162108,1.6816211,-0.55837893,-4.738379,-2.6183789,-1.9683789,-3.4483788,-2.068379,1.1716211,1.7516211,3.8116212,3.971621,3.3316212,2.531621,0.8316211,-1.408379,-5.698379,-6.568379,-7.3283787
-11.338379,-11.7783785,-11.108379,-10.438379,-10.208379,-10.048379,-10.048379,-9.478379,-8.578379,-7.128379,-5.838379,-3.048379,-0.3483789,0.9516211,0.94162107,0.041621093,-3.518379,-3.778379,-0.8683789,-1.528379,-2.788379,-2.9383788,-2.1283789,-0.1683789,1.2816211,2.0616212,0.6516211,2.681621,4.541621,2.951621,-0.6383789,-1.4583789,-3.9283788,-2.1183789,-3.978379,-2.298379,-1.158379,-0.2283789,1.0316211,0.33162108,0.4116211,-4.868379,-6.878379,-4.658379,-2.028379,-2.538379,-0.8583789,0.9316211,1.1816211,3.6216211,5.221621,4.261621,1.1816211,-1.6483788,-3.8983788,-8.068378,-9.558379,-9.228379,-7.098379
-11.398379,-10.698379,-10.538379,-10.998379,-10.0283785,-10.478379,-9.988379,-9.378379,-8.828379,-8.538379,-7.438379,-6.8283787,-5.708379,-4.668379,-3.1583788,-0.41837892,1.9016211,0.6216211,-1.4483789,-0.12837891,-1.2383789,-1.4783789,-1.2083789,-0.8383789,0.7316211,1.0516211,2.1116211,3.941621,3.3316212,8.561621,5.7516212,1.5316211,-1.3583789,-1.528379,-0.4883789,0.5316211,0.7116211,0.5316211,2.021621,1.1416211,-2.798379,-5.688379,-4.658379,-3.248379,-1.658379,-0.4683789,1.8816211,2.731621,3.0816212,2.3216212,-0.018378906,-0.6283789,-2.608379,-3.248379,-6.468379,-9.458379,-7.628379,-6.838379,-7.208379
-10.578379,-10.328379,-11.118379,-10.348379,-10.038379,-10.418379,-10.138379,-9.948379,-8.588379,-7.988379,-7.858379,-6.938379,-7.028379,-6.118379,-5.688379,-5.068379,-3.1783788,-1.1183789,0.9716211,-0.2883789,-2.278379,-0.098378904,0.9216211,0.4516211,0.8016211,1.0316211,1.4816211,1.6116211,3.5716212,9.161621,8.451621,4.6716213,3.3316212,1.451621,1.2316211,0.2016211,-3.1183789,-2.4083788,-3.098379,-1.3883789,-3.1483788,-3.4183788,-2.738379,-2.278379,-0.8483789,1.8916211,3.521621,2.0416212,0.33162108,-0.14837891,-1.038379,-1.3183789,-2.4483788,-2.3883789,-5.118379,-5.678379,-4.888379,-5.048379,-2.588379
-11.118379,-10.258379,-10.918379,-10.188379,-10.288379,-10.198379,-9.618379,-9.198379,-8.858379,-8.048379,-7.568379,-7.7683787,-7.258379,-7.208379,-6.8083787,-6.0383787,-4.968379,-3.858379,-1.418379,1.3816211,1.9316211,0.3416211,1.4316211,1.6616211,1.7416211,2.951621,3.721621,3.031621,1.4016211,0.8716211,6.161621,12.051621,6.031621,2.961621,5.241621,4.051621,2.171621,1.4916211,-1.8383789,-4.008379,-3.298379,-1.028379,-0.6583789,-1.0683789,2.0516212,3.1116211,2.6116211,-1.3483789,-2.9283788,-1.6783789,-2.998379,-2.758379,-3.598379,-3.1483788,-1.7683789,-3.288379,-5.468379,-7.528379,-3.778379
-10.558379,-10.228379,-10.468379,-9.348379,-8.998379,-9.448379,-8.678379,-9.308379,-8.418379,-7.928379,-7.448379,-7.648379,-7.5183787,-6.428379,-6.238379,-5.718379,-4.758379,-5.528379,-4.238379,-1.4983789,0.30162108,3.2916212,3.3516212,3.3616211,3.991621,3.701621,6.101621,4.521621,4.011621,2.491621,3.421621,5.791621,9.661621,6.9816213,3.5816212,3.6116211,5.261621,2.921621,1.6116211,2.231621,2.281621,1.6716211,2.3216212,2.6116211,4.021621,2.751621,1.831621,-2.9083788,-4.458379,-4.178379,-3.7083788,-4.668379,-5.0783787,-4.198379,-2.1783788,-4.548379,-5.0383787,-5.898379,-5.658379
-9.268379,-9.428379,-9.318378,-8.438379,-8.018379,-8.018379,-8.628379,-7.978379,-7.738379,-6.988379,-7.048379,-6.3083787,-6.5183787,-6.568379,-5.938379,-5.408379,-5.208379,-4.378379,-4.478379,-3.218379,-1.0883789,0.1416211,0.5916211,3.981621,5.391621,4.951621,5.571621,6.531621,6.381621,5.381621,3.661621,4.841621,8.391621,8.611621,5.311621,5.991621,5.021621,4.291621,6.451621,6.241621,4.801621,4.9216213,4.401621,3.901621,1.831621,1.091621,-0.9583789,-3.578379,-4.818379,-6.508379,-6.618379,-5.738379,-5.778379,-5.2483788,-4.298379,-3.568379,-5.5783787,-4.9983788,-3.478379
-7.218379,-7.318379,-7.218379,-7.138379,-6.608379,-6.378379,-6.0583787,-5.688379,-5.858379,-5.948379,-5.928379,-6.468379,-6.5583787,-6.138379,-5.428379,-4.358379,-3.758379,-2.838379,-2.3683789,-1.3983788,-0.9483789,0.7316211,1.951621,4.5016212,7.781621,8.701621,8.071621,8.401621,8.061621,8.501621,5.661621,5.381621,4.321621,6.311621,6.6716213,5.831621,6.291621,9.091621,9.181622,9.521621,8.941621,9.511621,3.3516212,1.5216211,1.451621,0.2016211,-3.1583788,-4.528379,-5.2683787,-5.3083787,-4.658379,-5.848379,-5.908379,-5.408379,-4.178379,-5.9983788,-5.568379,-4.608379,-6.488379
-6.168379,-5.728379,-5.428379,-5.398379,-4.4983788,-4.148379,-3.768379,-3.978379,-4.008379,-5.818379,-6.868379,-6.868379,-6.778379,-6.0583787,-5.438379,-4.4983788,-3.318379,-2.4583788,-1.168379,0.39162108,1.2716211,2.3016212,3.501621,5.1716213,6.5016212,8.491621,10.641621,10.911621,9.481621,10.121621,8.341621,6.4416213,6.881621,7.701621,7.541621,8.381621,9.761621,8.271621,7.571621,8.031621,8.491621,4.331621,2.1316211,2.461621,1.6616211,1.1016212,-3.3783789,-4.488379,-3.998379,-5.0583787,-5.678379,-7.098379,-6.178379,-5.8083787,-5.428379,-6.138379,-5.508379,-7.3283787,-6.908379
-4.148379,-3.798379,-3.558379,-3.528379,-2.3883789,-2.1283789,-2.008379,-4.4983788,-6.478379,-6.358379,-5.348379,-4.928379,-4.238379,-2.8683789,-2.018379,-1.038379,-0.3183789,0.8016211,2.271621,3.401621,3.8616211,5.181621,5.621621,6.4616213,8.181622,9.401621,9.561621,11.041621,12.441621,12.201621,12.171621,10.191621,9.2216215,9.631621,9.641621,8.761621,7.321621,8.481621,5.681621,5.4216213,6.2116213,3.971621,3.8516212,4.351621,3.431621,2.271621,-0.5083789,-4.908379,-4.408379,-3.848379,-4.608379,-6.048379,-6.858379,-6.5183787,-6.398379,-3.468379,-8.268379,-7.738379,-7.548379
-2.318379,-1.778379,-1.2483789,-0.32837892,-0.058378905,-0.9183789,-4.658379,-5.278379,-4.668379,-3.498379,-2.608379,-1.668379,-0.1983789,1.0316211,1.4216211,1.8616211,2.761621,3.981621,5.351621,7.031621,8.521621,10.021621,9.951621,9.651621,10.461621,10.081621,11.531621,12.121621,13.751621,13.2216215,14.291621,14.571621,13.411621,12.691621,10.881621,10.341621,7.641621,10.771621,7.101621,6.591621,7.511621,3.671621,3.421621,3.151621,4.661621,4.081621,-0.4883789,-2.498379,-1.1283789,-1.3083789,-3.6383789,-5.258379,-5.888379,-5.7683787,-4.958379,-5.838379,-1.9983789,-6.088379,-6.718379
0.2816211,0.8516211,1.331621,1.8716211,0.3816211,-2.7083788,-3.498379,-2.6183789,-1.2283789,0.121621095,1.1416211,2.3616211,3.1016212,3.001621,4.031621,4.991621,6.401621,7.7316213,8.731621,10.051621,11.551621,13.121621,14.551621,14.231621,14.251621,13.591621,13.2216215,13.151621,14.381621,15.901621,15.481621,16.171621,15.741621,14.791621,12.391621,11.481621,10.521621,8.921621,9.891621,8.171621,7.2516212,8.541621,8.081621,7.601621,3.8316212,3.401621,1.1016212,2.771621,1.6516211,1.0016211,-0.9583789,-2.728379,-4.448379,-5.5183787,-5.0383787,-4.2883787,-0.32837892,-1.8483789,-5.258379
2.761621,2.981621,3.181621,2.221621,-1.2283789,-1.418379,-0.38837892,1.0716211,1.8916211,3.3116212,4.591621,4.651621,4.7116213,5.641621,6.761621,7.661621,8.641621,9.001621,10.741621,11.521621,12.261621,13.091621,14.681622,15.671621,16.31162,15.801621,15.391621,15.751621,15.051621,15.651621,16.12162,17.501621,17.29162,16.56162,16.47162,14.051621,12.291621,11.921621,11.811621,11.141621,10.371621,8.2216215,10.851621,8.921621,9.131621,8.271621,3.7916212,4.141621,2.531621,-0.17837891,-0.0683789,-1.4483789,-2.988379,-3.608379,-5.658379,-4.598379,-4.108379,-5.208379,-4.188379
4.891621,4.151621,3.461621,0.9516211,0.8616211,1.591621,2.5616212,3.7916212,5.291621,5.5016212,5.521621,5.9416213,6.301621,7.351621,8.921621,9.791621,11.861621,13.111621,13.791621,14.251621,14.011621,15.201621,16.691622,16.831621,16.681622,16.081621,15.061621,17.96162,18.161621,18.021622,16.671621,16.411621,16.951622,19.07162,18.941622,18.491621,14.761621,14.501621,13.741621,11.491621,10.141621,9.691621,9.801621,7.741621,7.811621,5.051621,8.881621,3.151621,3.021621,1.201621,-0.93837893,-2.578379,-1.158379,-1.9383789,-2.2083788,-4.098379,-4.0783787,-4.468379,-3.9483788
5.861621,5.591621,3.981621,3.1316211,3.641621,4.611621,5.391621,6.281621,6.0016212,6.021621,6.391621,7.651621,9.111621,10.081621,11.891621,12.241621,13.381621,14.641621,15.701621,14.531621,15.611621,15.791621,16.21162,16.761621,17.88162,19.241621,19.591621,18.341621,16.97162,18.261621,19.40162,18.591621,18.521622,19.38162,18.81162,20.80162,20.171621,15.581621,16.54162,14.361621,12.281621,10.151621,6.7516212,8.871621,5.781621,7.4216213,6.341621,8.301621,7.541621,5.431621,2.0716212,-0.99837893,-0.018378906,-0.9183789,-1.6883789,-0.68837893,-0.8883789,-1.3683789,-2.038379
7.721621,7.181621,5.661621,6.071621,6.7116213,7.2516212,7.261621,7.151621,8.011621,8.321621,8.741621,10.041621,11.601621,12.911621,13.331621,13.301621,13.501621,13.031621,13.711621,15.171621,12.7216215,12.911621,16.271622,15.661621,16.241621,17.15162,18.22162,19.941622,18.82162,19.451622,17.491621,20.361622,19.89162,19.71162,20.46162,21.101622,20.05162,20.65162,17.13162,17.161621,14.921621,13.111621,9.591621,10.711621,9.361621,6.931621,8.171621,7.521621,4.591621,4.6716213,3.5516212,2.691621,2.3016212,0.7316211,1.831621,2.201621,1.8916211,0.5316211,0.5116211
9.281621,9.251621,9.051621,8.491621,8.641621,8.811621,8.451621,9.411621,10.331621,9.961621,11.491621,12.011621,13.361621,13.071621,13.271621,12.921621,12.211621,13.861621,12.741621,14.981621,13.831621,12.801621,12.981621,13.961621,14.931622,13.581621,13.831621,17.47162,18.55162,20.101622,20.201622,19.031622,20.101622,21.07162,20.181622,18.55162,21.21162,16.181622,19.261621,18.47162,18.171621,16.57162,12.811621,13.521621,15.581621,13.801621,12.801621,7.851621,5.621621,6.451621,6.971621,8.861621,5.861621,2.261621,2.431621,2.5516212,0.69162107,0.6116211,0.5916211
10.441621,10.701621,11.201621,10.411621,10.151621,10.891621,12.291621,12.9716215,11.7216215,12.621621,13.661621,13.821621,14.441621,13.861621,12.631621,12.401621,13.361621,13.321621,12.191621,12.731621,12.731621,13.051621,12.781621,13.421621,13.251621,14.901621,14.811621,16.441622,14.071621,18.40162,21.05162,22.091621,20.47162,21.65162,22.64162,20.04162,20.591621,22.30162,19.98162,20.73162,20.29162,18.32162,17.501621,16.781622,16.63162,16.12162,14.861621,12.011621,6.951621,8.271621,7.931621,5.411621,3.751621,3.251621,4.4216213,1.3616211,1.9316211,1.7516211,0.1316211
12.531621,11.861621,13.271621,12.751621,12.431622,13.691621,15.931622,14.4716215,15.601621,15.531621,15.421621,15.821621,14.001621,13.231621,13.741621,14.091621,14.421621,14.051621,14.521621,14.801621,14.671621,14.881621,14.331621,14.861621,15.021621,14.691621,15.311621,14.401621,14.991621,16.46162,15.9716215,18.201622,20.591621,20.341621,22.191622,22.65162,21.57162,21.98162,22.431622,19.54162,22.55162,20.261621,19.841621,18.361622,18.331621,12.511621,11.4716215,12.441621,10.381621,6.4616213,10.551621,5.891621,5.311621,3.1216211,2.5916212,1.9116211,1.0416211,3.391621,4.1716213
14.831621,14.831621,15.111621,15.231621,15.051621,16.31162,17.361622,16.87162,17.13162,17.21162,18.73162,15.441621,15.411621,14.2216215,13.931622,15.041621,14.771621,15.181622,15.7216215,15.521621,15.741621,16.921621,16.841621,16.71162,16.911621,17.271622,16.931622,16.111622,15.171621,16.29162,17.021622,17.001621,17.21162,20.22162,24.951622,19.031622,23.21162,22.671621,22.15162,21.14162,26.101622,25.281622,20.091621,19.31162,15.711621,14.661621,12.631621,11.891621,12.071621,9.371621,9.501621,10.481621,7.6916213,4.7516212,2.971621,1.0216211,2.8316212,3.5916212,2.5816212
16.98162,16.921621,16.581621,17.22162,17.491621,18.441622,18.511621,18.71162,17.73162,19.38162,17.101622,15.691621,16.181622,15.641621,15.301621,16.021622,16.48162,17.22162,17.701622,17.57162,18.13162,18.611622,18.451622,18.55162,19.001621,18.65162,19.281622,18.431622,16.65162,17.941622,17.351622,15.9716215,15.991621,15.461621,20.46162,26.05162,23.781622,23.30162,22.80162,21.841621,21.261621,24.90162,21.021622,21.501621,18.30162,16.101622,15.441621,14.2216215,13.101621,10.561621,12.301621,12.391621,7.5016212,7.871621,5.2116213,4.971621,4.771621,5.221621,4.601621
