images/wind850/850wind_018.json
{"header": { "discipline":0, "disciplineName":"Meteorological products", "gribEdition":2, "gribLength":81686, "center":7, "centerName":"US National Weather Service - NCEP(WMC)", "subcenter":0, "refTime":"2025-08-06T00:00:00.000Z", "significanceOfRT":1, "significanceOfRTName":"Start of forecast", "productStatus":0, "productStatusName":"Operational products", "productType":1, "productTypeName":"Forecast products", "productDefinitionTemplate":0, "productDefinitionTemplateName":"Analysis/forecast at horizontal level/layer at a point in time", "parameterCategory":2, "parameterCategoryName":"Momentum", "parameterNumber":3, "parameterNumberName":"V-component_of_wind", "parameterUnit":"m.s-1", "genProcessType":2, "genProcessTypeName":"Forecast", "forecastTime":18, "surface1Type":100, "surface1TypeName":"Isobaric surface", "surface1Value":85000.0, "surface2Type":255, "surface2TypeName":"Missing", "surface2Value":0.0, "gridDefinitionTemplate":0, "gridDefinitionTemplateName":"Latitude_Longitude", "numberPoints":65160, "shape":6, "shapeName":"Earth spherical with radius of 6,371,229.0 m", "gridUnits":"degrees", "resolution":48, "winds":"true", "scanMode":0, "nx":360, "ny":181, "basicAngle":0, "lo1":0.0, "la1":90.0, "lo2":359.0, "la2":-90.0, "dx":1.0, "dy":1.0 }, "data":
[rows 0 to 25 of 181, columns 236 to 294 of 360]
-7.562339,-7.322339,-7.082339,-6.832339,-6.582339,-6.332339,-6.082339,-5.822339,-5.572339,-5.312339,-5.052339,-4.792339,-4.532339,-4.272339,-4.002339,-3.732339,-3.472339,-3.202339,-2.932339,-2.662339,-2.3923388,-2.1223388,-1.8423389,-1.5723388,-1.3023388,-1.0223389,-0.7523389,-0.48233888,-0.20233887,0.06766114,0.34766114,0.6176611,0.89766115,1.1676612,1.4376612,1.7176611,1.9876611,2.257661,2.527661,2.797661,3.067661,3.337661,3.6076612,3.8776612,4.137661,4.407661,4.667661,4.927661,5.187661,5.447661,5.707661,5.957661,6.207661,6.467661,6.717661,6.957661,7.207661,7.447661,7.687661
-9.992339,-9.692339,-9.392339,-9.072339,-8.762339,-8.442339,-8.152339,-7.882339,-7.612339,-7.332339,-7.042339,-6.7423387,-6.4323387,-6.1423388,-5.9323387,-5.7223387,-5.502339,-5.282339,-5.042339,-4.802339,-4.552339,-4.352339,-4.1423388,-3.942339,-3.732339,-3.5223389,-3.3023388,-3.0723388,-2.8523388,-2.6123388,-2.3823388,-2.152339,-1.9223388,-1.6923388,-1.4623389,-1.2423389,-0.97233886,-0.7023389,-0.42233887,-0.15233886,0.11766113,0.37766114,0.64766115,0.94766116,1.2976612,1.6376611,1.9876611,2.327661,2.6776612,3.017661,3.347661,3.6976612,4.0476613,4.387661,4.717661,5.037661,5.3376613,5.637661,5.917661
-12.292339,-12.332339,-12.382339,-12.4223385,-12.432339,-12.4223385,-12.4223385,-12.392339,-12.352339,-12.282339,-12.202339,-12.102339,-11.952339,-11.782339,-11.612339,-11.382339,-11.072339,-10.742339,-10.412339,-9.992339,-9.492339,-8.982339,-8.462338,-7.832339,-7.172339,-6.502339,-5.812339,-5.082339,-4.342339,-3.6023388,-2.8823388,-2.252339,-1.6223389,-0.9923389,-0.44233885,0.077661134,0.58766115,1.0976611,1.5876611,2.077661,2.577661,3.077661,3.537661,3.9676611,4.387661,4.7776613,5.1076612,5.397661,5.677661,5.917661,6.167661,6.427661,6.697661,6.997661,7.3176613,7.657661,8.007661,8.357661,8.697661
-11.642339,-11.782339,-11.932339,-11.992339,-11.992339,-12.032339,-11.892339,-11.712338,-11.562339,-11.352339,-11.142339,-11.072339,-11.022339,-10.962338,-10.982339,-10.992339,-10.912339,-10.812339,-10.6723385,-10.402339,-10.122339,-9.872339,-9.632339,-9.412339,-9.262339,-9.122339,-8.9223385,-8.692339,-8.372339,-7.852339,-7.322339,-6.582339,-5.792339,-5.022339,-4.272339,-3.5223389,-2.8823388,-2.242339,-1.6023389,-0.96233886,-0.32233888,0.29766113,0.8776611,1.4376612,1.9776611,2.517661,3.057661,3.6276612,4.207661,4.687661,5.137661,5.577661,5.957661,6.3576612,6.8176613,7.3576612,7.927661,8.537662,9.147661
-11.602339,-11.752338,-11.872339,-11.942339,-11.952339,-11.932339,-11.9223385,-12.032339,-12.152339,-12.382339,-12.572339,-12.662339,-12.742339,-12.6723385,-12.592339,-12.372339,-12.112339,-11.742339,-11.362339,-10.962338,-10.592339,-10.252338,-9.962338,-9.682339,-9.322339,-8.952339,-8.442339,-7.942339,-7.562339,-7.2223387,-7.002339,-6.632339,-6.132339,-5.4523387,-4.6423388,-3.7923388,-2.922339,-2.182339,-1.4823389,-0.9523389,-0.43233886,0.047661133,0.52766114,0.9876611,1.4576612,1.9176612,2.4276612,2.9776611,3.567661,4.3376613,5.147661,6.057661,6.9876614,7.887661,8.697661,9.397661,10.047661,10.597661,11.067661
-9.912339,-10.602339,-11.282339,-11.822339,-12.162339,-12.282339,-12.232339,-12.152339,-12.062339,-11.862339,-11.602339,-11.152339,-10.752338,-10.392339,-10.092339,-9.772339,-9.432339,-9.012339,-8.572339,-8.132339,-7.7423387,-7.3923388,-7.072339,-6.7423387,-6.402339,-6.072339,-5.802339,-5.552339,-5.272339,-4.872339,-4.352339,-3.7923388,-3.192339,-2.5223389,-1.8423389,-1.1023389,-0.35233888,0.39766112,1.1176611,1.7276611,2.297661,2.757661,3.1776612,3.597661,3.9776611,4.427661,4.9876614,5.617661,6.187661,6.677661,7.077661,7.437661,7.767661,8.057661,8.267661,8.477661,8.657661,8.8276615,8.987661
-5.5123386,-5.612339,-5.752339,-5.9323387,-6.072339,-6.2223387,-6.332339,-6.372339,-6.352339,-6.282339,-6.1623387,-5.962339,-5.752339,-5.532339,-5.282339,-4.9923387,-4.6623387,-4.372339,-4.102339,-3.8523388,-3.5823388,-3.3523388,-3.0923388,-2.8523388,-2.6323388,-2.402339,-2.162339,-1.8823389,-1.5823388,-1.2823389,-0.97233886,-0.67233884,-0.40233886,-0.12233887,0.18766113,0.51766115,0.83766115,1.1376611,1.4276612,1.7176611,2.037661,2.3576612,2.6776612,3.017661,3.3676612,3.7176611,4.1076612,4.467661,4.767661,5.037661,5.307661,5.5676613,5.8176613,5.977661,6.097661,6.187661,6.207661,6.137661,6.0476613
-3.7723389,-3.8223388,-3.7823389,-3.722339,-3.6423388,-3.472339,-3.2823389,-3.182339,-3.0323389,-2.8823388,-2.8323388,-2.8523388,-2.8523388,-2.8223388,-2.8423388,-2.8723388,-2.7823389,-2.5723388,-2.3723388,-2.152339,-1.9923389,-1.9023389,-1.9023389,-1.9223388,-1.9023389,-1.8323388,-1.7523389,-1.6923388,-1.6123389,-1.5423388,-1.4423388,-1.2823389,-1.0323389,-0.79233885,-0.59233886,-0.37233886,0.017661132,0.44766113,0.7576611,0.9876611,1.2676611,1.5676612,1.8176612,2.017661,2.1976612,2.6076612,2.847661,2.6876612,3.087661,3.3876612,3.6376612,3.817661,4.0476613,3.9476612,4.117661,4.7376614,4.8176613,4.877661,4.617661
-1.6323389,-1.4623389,-1.3223388,-1.2023388,-1.1423389,-1.1523389,-1.2123389,-1.3023388,-1.3923389,-1.4523388,-1.5123389,-1.5723388,-1.6523389,-1.7423389,-1.8523389,-1.9123389,-1.9623389,-2.0923388,-2.242339,-2.402339,-2.6223388,-2.922339,-3.252339,-3.5623388,-3.8023388,-3.932339,-3.902339,-3.662339,-3.242339,-2.702339,-2.0823388,-1.5423388,-1.0923389,-0.54233885,0.107661135,0.5676611,1.1776612,1.7376611,1.7976612,1.8276612,1.8476611,1.7976612,1.8876611,1.9376612,2.4076612,2.6176612,1.6876612,2.287661,3.087661,2.9176612,1.3676611,0.30766115,0.6776611,0.76766115,1.1476611,1.6976612,2.007661,1.8676611,1.4876611
-1.4023389,-0.13233887,0.16766113,-0.09233887,-0.40233886,-0.96233886,-1.3023388,-1.3523389,-1.0823388,-0.86233884,-1.0323389,-1.2423389,-1.3523389,-1.4123389,-1.5023389,-1.4523388,-1.2923388,-1.1423389,-1.1323389,-1.2723389,-1.5123389,-1.8323388,-2.202339,-2.692339,-3.202339,-3.6423388,-3.992339,-4.072339,-3.7823389,-3.3923388,-2.932339,-2.6223388,-2.172339,-1.5923389,-1.2123389,-0.28233886,0.95766115,1.3676611,1.0876611,1.1876612,0.9976611,0.7576611,0.71766114,0.58766115,0.52766114,-0.062338866,-0.6423389,-0.54233885,-0.05233887,0.31766114,0.23766114,-0.25233886,-0.21233886,0.20766114,0.20766114,-0.31233886,-0.072338864,-2.712339,-1.7523389
-0.91233885,-0.80233884,-0.78233886,-0.8223389,-0.92233884,-1.0023389,-1.0823388,-1.2123389,-1.6823388,-2.172339,-2.232339,-2.192339,-2.452339,-2.8323388,-2.982339,-2.672339,-1.8923389,-0.54233885,0.71766114,0.44766113,-0.40233886,-1.2723389,-2.3123388,-2.8823388,-3.412339,-4.372339,-4.772339,-3.972339,-1.4523388,-0.24233887,-0.062338866,-0.22233887,0.59766114,0.33766115,-0.71233886,-2.2623389,-2.2823389,-1.3723389,-0.6923389,-0.80233884,-0.31233886,1.0576612,2.2176611,1.7676611,1.4776611,1.1876612,1.1676612,1.3676611,1.0376611,0.58766115,0.57766116,0.31766114,0.71766114,-1.9023389,-5.082339,-3.952339,-2.0623388,-0.17233887,2.567661
-1.3423389,-1.3723389,-1.2023388,-1.0923389,-0.55233884,-0.102338865,-0.11233887,-0.19233887,-0.5723389,-1.0823388,-1.6323389,-2.0723388,-2.5223389,-3.0923388,-3.5323389,-3.6123388,-3.962339,-4.152339,-2.8523388,-0.7523389,-0.5623389,-1.1123389,-1.4523388,-1.7723389,-2.0523388,-2.152339,-1.9223388,-1.5323389,-1.4023389,-1.7323389,-2.432339,-2.3723388,-1.9123389,-2.152339,-1.3923389,-1.2223389,-1.8123388,-4.342339,-3.672339,-1.1523389,0.40766114,-0.17233887,0.26766112,0.05766113,0.077661134,0.30766115,0.51766115,1.0776612,2.1576612,-1.3223388,-4.672339,-4.5123386,0.97766113,1.7576611,2.317661,3.247661,4.467661,4.997661,5.807661
-0.7423389,-1.0923389,-1.2123389,-1.0923389,-0.9323389,-0.85233885,-0.83233887,-1.0323389,-0.47233886,-0.022338867,-0.23233886,-1.0123389,-1.9223388,-2.8823388,-3.472339,-4.152339,-4.6423388,-4.862339,-5.362339,-5.112339,-2.8623388,-0.54233885,-0.09233887,-0.55233884,-0.61233884,-0.14233887,0.18766113,-0.12233887,-1.0223389,-1.9623389,-2.912339,-3.8223388,-4.462339,-3.8323388,-4.732339,-5.102339,-2.3123388,-0.5723389,0.34766114,-0.47233886,-0.72233886,0.96766114,0.82766116,0.8176611,-0.042338867,-0.31233886,-1.5723388,-3.8323388,-2.8923388,0.0076611326,3.097661,6.0076613,5.657661,2.4176612,2.9676611,4.427661,3.047661,3.3676612,5.577661
-0.92233884,-0.8123389,-0.5723389,-0.24233887,0.17766114,0.35766113,0.20766114,-0.08233887,-0.6423389,-1.2123389,-1.0623388,-1.3623389,-1.8623389,-2.8823388,-3.8423388,-4.552339,-5.2223387,-5.712339,-5.692339,-5.922339,-6.022339,-3.8223388,-1.1823388,-1.3123388,-1.3423389,-1.5223389,-2.2723389,-2.932339,-3.6223388,-4.342339,-4.9923387,-5.282339,-4.732339,-3.732339,-3.0323389,-1.0523388,2.257661,2.6276612,2.1776612,1.8976611,0.44766113,1.4576612,1.5476612,0.76766115,0.27766114,-3.8523388,-5.592339,0.33766115,1.9176612,3.1076612,4.217661,5.367661,6.2576613,6.207661,4.767661,5.0076613,3.4576612,5.057661,7.807661
-0.83233887,-0.60233885,-0.7523389,-1.1123389,-1.5023389,-1.0623388,0.047661133,-0.84233886,0.17766114,1.3176612,0.24766113,-1.6223389,-2.6023388,-3.202339,-4.422339,-5.042339,-6.062339,-6.832339,-7.442339,-8.072339,-7.6823387,-6.872339,-4.402339,-4.552339,-4.462339,-4.382339,-5.072339,-5.4723387,-5.272339,-5.1623387,-4.062339,-2.992339,-1.9923389,-1.7623389,-1.5323389,-0.86233884,-0.43233886,-0.13233887,-0.08233887,-0.41233885,1.5376611,5.137661,6.5676613,5.717661,3.4376612,-1.3323388,-3.3323388,-0.7523389,0.14766113,1.6176611,2.6676612,3.557661,4.7376614,6.477661,8.447661,8.447661,6.157661,4.497661,3.4176612
0.17766114,0.43766114,0.15766114,-0.5723389,-0.8923389,-1.2923388,-1.7623389,-1.9523388,-1.2423389,-0.53233886,0.21766113,0.047661133,-1.1423389,-3.732339,-5.2223387,-6.1623387,-7.322339,-7.342339,-7.322339,-8.402339,-7.362339,-6.122339,-6.342339,-7.082339,-7.232339,-7.2023387,-6.602339,-7.232339,-7.5123386,-6.792339,-6.712339,-5.9123387,-4.022339,-1.6823388,-0.8723389,0.08766113,3.2076612,4.937661,5.867661,3.347661,1.3076612,0.47766113,-1.7123389,0.71766114,3.047661,4.307661,4.347661,4.187661,3.807661,3.3876612,3.047661,2.777661,2.587661,2.4676611,2.337661,2.4176612,2.3976612,2.767661,2.8876612
0.5076611,0.5576611,0.28766114,-0.5023389,-1.1223389,-1.4723389,-2.0123389,-1.9123389,-0.9323389,-1.0323389,-0.38233888,-0.8923389,-1.3423389,-2.412339,-5.082339,-7.462339,-8.862339,-9.262339,-8.862339,-8.222339,-9.072339,-9.082339,-9.472339,-10.852339,-12.572339,-11.902339,-10.202339,-8.762339,-8.262339,-6.982339,-5.6423388,-4.632339,-2.902339,-1.7723389,-0.80233884,1.2776611,1.9576612,2.067661,3.497661,2.4176612,3.037661,4.157661,7.667661,4.7976613,4.497661,3.3876612,5.0876613,7.947661,10.397661,9.337661,6.267661,4.0876613,3.077661,2.757661,2.507661,2.3576612,2.317661,1.7276611,0.72766113
0.94766116,1.0976611,0.95766115,0.5476611,0.19766113,0.0076611326,-0.30233887,-1.5123389,-1.9323388,-2.2823389,-1.9623389,-1.6123389,-2.5723388,-3.692339,-5.9523387,-8.542339,-9.392339,-9.992339,-10.732339,-10.322339,-11.432339,-12.482339,-14.142339,-14.692339,-14.902339,-14.312339,-12.832339,-10.832339,-8.082339,-6.3923388,-5.522339,-4.652339,-3.0523388,-1.8123388,1.0776612,8.497662,15.887661,15.617661,13.797661,9.5776615,11.887661,9.747662,7.217661,5.447661,6.117661,3.2276611,1.7076612,1.8376611,7.677661,11.067661,11.117661,8.847661,5.907661,4.347661,3.6376612,3.297661,3.347661,3.567661,3.6376612
1.7576611,2.1176612,2.4476612,2.037661,0.8076611,0.51766115,0.22766113,-0.16233887,-0.55233884,-1.3123388,-2.5423388,-3.2823389,-4.062339,-5.632339,-7.172339,-8.462338,-9.522339,-9.462338,-10.202339,-10.992339,-12.782339,-14.872339,-15.782339,-16.172338,-16.862339,-16.992338,-14.962338,-10.862339,-7.4123387,-7.0123386,-5.482339,-4.8923388,-3.952339,-1.8323388,1.9376612,7.877661,14.187661,12.797661,8.997662,8.287662,9.457661,11.167661,10.727661,9.147661,8.757661,7.827661,2.6876612,2.597661,0.91766113,1.3076612,5.447661,3.577661,10.127661,10.637661,7.3576612,5.767661,5.767661,6.1076612,5.267661
1.0876611,0.7376611,0.78766114,0.5476611,0.58766115,0.6276611,0.8176611,0.70766115,-0.072338864,-0.6423389,-1.9423388,-3.3523388,-4.542339,-4.9723387,-5.802339,-6.862339,-7.062339,-8.702339,-9.882339,-10.872339,-12.562339,-14.692339,-15.272339,-15.962338,-16.64234,-15.912339,-12.012339,-9.552339,-9.652339,-9.222339,-9.642339,-6.302339,-1.7723389,-1.0423388,-1.2423389,1.4376612,-0.37233886,-1.7923388,2.9076612,9.667661,12.837661,12.467661,11.487661,10.747662,7.767661,7.897661,7.827661,6.557661,6.7576613,7.7576613,5.327661,1.9076611,1.9176612,5.077661,9.727661,10.107661,7.5476613,7.287661,6.457661
0.66766113,1.0776612,1.2576611,0.7376611,0.21766113,-0.022338867,-0.23233886,-0.77233887,-1.0623388,-0.7023389,-1.7823389,-3.5623388,-5.112339,-5.572339,-6.482339,-6.802339,-7.152339,-8.192339,-8.882339,-10.302339,-12.072339,-12.792339,-14.132339,-15.082339,-15.912339,-14.662339,-12.382339,-11.412339,-10.062339,-10.502338,-10.102339,-7.072339,-5.1823387,-3.232339,-3.912339,-3.2923388,-8.392339,-9.912339,-7.562339,-3.722339,-2.0823388,4.167661,6.3576612,7.807661,12.047661,17.52766,20.20766,17.927662,16.19766,16.61766,15.067661,12.647661,8.947661,3.7276611,1.5176611,4.457661,11.617661,6.747661,5.127661
1.5076611,2.007661,1.9976611,1.1276611,0.8576611,1.2576611,-0.22233887,-0.44233885,-1.5323389,-2.162339,-2.7623389,-4.2023387,-4.572339,-4.562339,-5.502339,-6.862339,-7.362339,-7.832339,-9.572339,-10.6723385,-11.302339,-12.092339,-11.872339,-12.912339,-13.522339,-13.092339,-11.842339,-10.592339,-8.752338,-8.082339,-7.362339,-6.0123386,-6.172339,-7.552339,-6.7423387,-7.052339,-6.382339,-8.312339,-8.402339,-9.192339,-3.922339,-0.37233886,0.017661132,-0.28233886,1.6776612,3.517661,4.937661,9.037662,20.017662,20.43766,17.95766,17.87766,15.417661,12.127661,7.5476613,2.247661,6.657661,6.977661,4.517661
2.347661,1.8876611,1.3276612,0.9976611,0.96766114,0.8776611,1.3076612,0.22766113,-0.8823389,-1.7323389,-2.3623388,-3.8223388,-5.132339,-5.4123387,-5.7023387,-6.332339,-7.292339,-8.742339,-9.342339,-9.542339,-10.802339,-11.352339,-11.632339,-11.982339,-11.542339,-11.442339,-10.082339,-9.352339,-8.222339,-6.832339,-5.352339,-5.062339,-5.872339,-5.922339,-7.982339,-6.552339,-8.152339,-7.6423388,-8.882339,-10.9223385,-13.812339,-9.332339,-3.5923388,2.527661,0.26766112,-1.0523388,1.9476612,4.597661,8.217661,12.887661,13.677661,17.79766,17.79766,17.69766,13.967661,11.107661,5.407661,4.727661,5.897661
2.4676611,1.7476611,1.4076611,1.2776611,1.5076611,2.067661,2.9276612,2.337661,1.1176611,-0.25233886,-1.3323388,-2.3523388,-3.222339,-4.002339,-4.4923387,-5.152339,-6.0123386,-8.522339,-8.802339,-9.302339,-9.492339,-9.902339,-10.332339,-11.1723385,-11.482339,-11.012339,-9.622339,-8.692339,-7.252339,-6.232339,-5.402339,-5.752339,-6.5123386,-7.7223387,-6.672339,-7.942339,-5.7623386,-6.942339,-7.402339,-7.542339,-9.642339,-11.572339,-9.252338,-1.0923389,-0.19233887,-2.682339,-1.5323389,1.2876611,2.4876611,6.0076613,8.857661,8.917661,12.687661,16.307661,15.217661,11.597661,10.337661,6.1076612,2.087661
2.547661,2.267661,1.8076612,2.247661,1.8176612,2.007661,0.96766114,3.837661,3.2076612,-0.102338865,-2.212339,-2.5923388,-2.652339,-2.952339,-3.8923388,-4.7423387,-5.632339,-6.622339,-7.842339,-8.532339,-8.932339,-9.232339,-9.372339,-9.392339,-9.072339,-8.972339,-8.252338,-8.012339,-5.962339,-7.302339,-8.052339,-6.502339,-3.8223388,-1.5123389,-1.7223389,-0.7523389,-3.0223389,-3.7723389,-3.0823388,-4.062339,-5.632339,-6.752339,-5.2023387,-3.7723389,-3.3223388,-3.5923388,-3.162339,-1.3323388,-0.03233887,1.6876612,6.617661,8.297661,6.0876613,6.867661,7.667661,11.947661,9.947661,8.047661,2.6376612
3.307661,6.577661,6.077661,4.407661,2.8676612,2.347661,1.0676612,2.017661,3.027661,0.6076611,-1.9323388,-2.8023388,-2.692339,-2.8723388,-3.2723389,-3.8223388,-4.872339,-6.122339,-6.782339,-7.692339,-8.022339,-8.452339,-8.392339,-7.7223387,-7.822339,-6.882339,-6.292339,-5.402339,-7.352339,-6.882339,-4.5123386,-0.71233886,1.0876611,-1.5023389,-1.3023388,-1.6523389,-2.502339,-1.7023388,0.05766113,-0.03233887,-0.60233885,-1.9923389,-2.252339,-3.412339,-4.4923387,-4.7223387,-2.452339,-1.0123389,-0.9923389,-0.78233886,0.17766114,3.057661,6.197661,6.4876614,11.147661,11.0776615,10.297661,5.037661,4.287661
